;id	neighborNumber	preid	nextid	itid... 
0	2	-1	1 
1	2	0	2 
2	2	1	3 
3	2	2	4 
4	2	3	5 
5	2	4	6 
6	2	5	7 
7	2	6	8 
8	2	7	9 
9	2	8	10 
10	2	9	11 
11	2	10	12 
12	2	11	13 
13	2	12	14 
14	2	13	15 
15	2	14	16 
16	2	15	17 
17	2	16	18 
18	2	17	19 
19	2	18	20 
20	2	19	21 
21	2	20	22 
22	2	21	23 
23	2	22	24 
24	2	23	25 
25	2	24	26 
26	2	25	27 
27	2	26	28 
28	2	27	29 
29	2	28	30 
30	2	29	31 
31	2	30	32 
32	2	31	33 
33	2	32	34 
34	2	33	35 
35	2	34	36 
36	2	35	37 
37	2	36	38 
38	2	37	39 
39	2	38	40 
40	2	39	41 
41	2	40	42 
42	2	41	43 
43	2	42	44 
44	2	43	45 
45	2	44	46 
46	2	45	47 
47	2	46	48 
48	2	47	49 
49	2	48	50 
50	2	49	51 
51	2	50	52 
52	2	51	53 
53	2	52	54 
54	2	53	55 
55	2	54	56 
56	2	55	57 
57	2	56	58 
58	2	57	59 
59	2	58	60 
60	2	59	61 
61	2	60	62 
62	2	61	63 
63	2	62	64 
64	2	63	65 
65	2	64	66 
66	2	65	67 
67	2	66	68 
68	2	67	69 
69	2	68	70 
70	2	69	71 
71	2	70	72 
72	2	71	73 
73	2	72	74 
74	2	73	75 
75	2	74	76 
76	2	75	77 
77	2	76	78 
78	2	77	79 
79	2	78	80 
80	2	79	81 
81	2	80	82 
82	2	81	83 
83	2	82	84 
84	2	83	85 
85	2	84	86 
86	2	85	87 
87	2	86	88 
88	2	87	89 
89	2	88	90 
90	2	89	91 
91	2	90	92 
92	2	91	93 
93	2	92	94 
94	2	93	95 
95	2	94	96 
96	2	95	97 
97	2	96	98 
98	2	97	99 
99	2	98	100 
100	2	99	101 
101	2	100	102 
102	2	101	103 
103	2	102	104 
104	2	103	105 
105	2	104	106 
106	2	105	107 
107	2	106	108 
108	2	107	109 
109	2	108	110 
110	2	109	111 
111	2	110	112 
112	2	111	113 
113	2	112	114 
114	2	113	115 
115	2	114	116 
116	2	115	117 
117	2	116	118 
118	2	117	119 
119	2	118	120 
120	2	119	121 
121	2	120	122 
122	2	121	123 
123	2	122	124 
124	2	123	125 
125	2	124	126 
126	2	125	127 
127	2	126	128 
128	2	127	129 
129	2	128	130 
130	2	129	131 
131	2	130	132 
132	2	131	133 
133	2	132	134 
134	2	133	135 
135	2	134	136 
136	2	135	137 
137	2	136	138 
138	2	137	139 
139	2	138	140 
140	2	139	141 
141	2	140	142 
142	2	141	143 
143	2	142	144 
144	2	143	145 
145	2	144	146 
146	2	145	147 
147	2	146	148 
148	2	147	149 
149	2	148	150 
150	2	149	151 
151	2	150	152 
152	2	151	153 
153	2	152	154 
154	2	153	155 
155	2	154	156 
156	2	155	157 
157	2	156	158 
158	2	157	159 
159	2	158	160 
160	2	159	161 
161	2	160	162 
162	2	161	163 
163	2	162	164 
164	2	163	165 
165	2	164	166 
166	2	165	167 
167	2	166	168 
168	2	167	169 
169	2	168	170 
170	2	169	171 
171	2	170	172 
172	2	171	173 
173	2	172	174 
174	2	173	175 
175	2	174	176 
176	2	175	177 
177	2	176	178 
178	2	177	179 
179	2	178	180 
180	2	179	181 
181	2	180	182 
182	2	181	183 
183	2	182	184 
184	2	183	185 
185	2	184	186 
186	2	185	187 
187	2	186	188 
188	2	187	189 
189	2	188	190 
190	2	189	191 
191	2	190	192 
192	2	191	193 
193	2	192	194 
194	2	193	195 
195	2	194	196 
196	2	195	197 
197	2	196	198 
198	2	197	199 
199	2	198	200 
200	2	199	201 
201	2	200	202 
202	2	201	203 
203	2	202	204 
204	2	203	205 
205	2	204	206 
206	2	205	207 
207	2	206	208 
208	2	207	209 
209	2	208	210 
210	2	209	211 
211	2	210	212 
212	2	211	213 
213	2	212	214 
214	2	213	215 
215	2	214	216 
216	2	215	217 
217	2	216	218 
218	2	217	219 
219	2	218	220 
220	2	219	221 
221	2	220	222 
222	2	221	223 
223	2	222	224 
224	2	223	225 
225	2	224	226 
226	2	225	227 
227	2	226	228 
228	2	227	229 
229	2	228	230 
230	2	229	231 
231	2	230	232 
232	2	231	233 
233	2	232	234 
234	2	233	235 
235	2	234	236 
236	2	235	237 
237	2	236	238 
238	2	237	239 
239	2	238	240 
240	2	239	241 
241	2	240	242 
242	2	241	243 
243	2	242	244 
244	2	243	245 
245	2	244	246 
246	2	245	247 
247	2	246	248 
248	2	247	249 
249	2	248	250 
250	2	249	251 
251	2	250	252 
252	2	251	253 
253	2	252	254 
254	2	253	255 
255	2	254	256 
256	2	255	257 
257	2	256	258 
258	2	257	259 
259	2	258	260 
260	2	259	261 
261	2	260	262 
262	2	261	263 
263	2	262	264 
264	2	263	265 
265	2	264	266 
266	2	265	267 
267	2	266	268 
268	2	267	269 
269	2	268	270 
270	2	269	271 
271	2	270	272 
272	2	271	273 
273	2	272	274 
274	2	273	275 
275	2	274	276 
276	2	275	277 
277	2	276	278 
278	2	277	279 
279	2	278	280 
280	2	279	281 
281	2	280	282 
282	2	281	283 
283	2	282	284 
284	2	283	285 
285	2	284	286 
286	2	285	287 
287	2	286	288 
288	2	287	289 
289	2	288	290 
290	2	289	291 
291	2	290	292 
292	2	291	293 
293	2	292	294 
294	2	293	295 
295	2	294	296 
296	2	295	297 
297	2	296	298 
298	2	297	299 
299	2	298	300 
300	2	299	301 
301	2	300	302 
302	2	301	303 
303	2	302	304 
304	2	303	305 
305	2	304	306 
306	2	305	307 
307	2	306	308 
308	2	307	309 
309	2	308	310 
310	2	309	311 
311	2	310	312 
312	2	311	313 
313	2	312	314 
314	2	313	315 
315	2	314	316 
316	2	315	317 
317	2	316	318 
318	2	317	319 
319	2	318	320 
320	2	319	321 
321	2	320	322 
322	2	321	323 
323	2	322	324 
324	2	323	325 
325	2	324	326 
326	2	325	327 
327	2	326	328 
328	2	327	329 
329	2	328	330 
330	2	329	331 
331	2	330	332 
332	2	331	333 
333	2	332	334 
334	2	333	335 
335	2	334	336 
336	2	335	337 
337	2	336	338 
338	2	337	339 
339	2	338	340 
340	2	339	341 
341	2	340	342 
342	2	341	343 
343	2	342	344 
344	2	343	345 
345	2	344	346 
346	2	345	347 
347	2	346	348 
348	2	347	349 
349	2	348	350 
350	2	349	351 
351	2	350	352 
352	2	351	353 
353	2	352	354 
354	2	353	355 
355	2	354	356 
356	2	355	357 
357	2	356	358 
358	2	357	359 
359	2	358	360 
360	2	359	361 
361	2	360	362 
362	2	361	363 
363	2	362	364 
364	2	363	365 
365	2	364	366 
366	2	365	367 
367	2	366	368 
368	2	367	369 
369	2	368	370 
370	2	369	371 
371	2	370	372 
372	2	371	373 
373	2	372	374 
374	2	373	375 
375	2	374	376 
376	2	375	377 
377	2	376	378 
378	2	377	379 
379	2	378	380 
380	2	379	381 
381	2	380	382 
382	2	381	383 
383	2	382	384 
384	2	383	385 
385	2	384	386 
386	2	385	387 
387	2	386	388 
388	2	387	389 
389	2	388	390 
390	2	389	391 
391	2	390	392 
392	2	391	393 
393	2	392	394 
394	2	393	395 
395	2	394	396 
396	2	395	397 
397	2	396	398 
398	2	397	399 
399	2	398	400 
400	2	399	401 
401	2	400	402 
402	2	401	403 
403	2	402	404 
404	2	403	405 
405	2	404	406 
406	2	405	407 
407	2	406	408 
408	2	407	409 
409	2	408	410 
410	2	409	411 
411	2	410	412 
412	2	411	413 
413	2	412	414 
414	2	413	415 
415	2	414	416 
416	2	415	417 
417	2	416	418 
418	2	417	419 
419	2	418	420 
420	2	419	421 
421	2	420	422 
422	2	421	423 
423	2	422	424 
424	2	423	425 
425	2	424	426 
426	2	425	427 
427	2	426	428 
428	2	427	429 
429	2	428	430 
430	2	429	431 
431	2	430	432 
432	2	431	433 
433	2	432	434 
434	2	433	435 
435	2	434	436 
436	2	435	437 
437	2	436	438 
438	2	437	439 
439	2	438	440 
440	2	439	441 
441	2	440	442 
442	2	441	443 
443	2	442	444 
444	2	443	445 
445	2	444	446 
446	2	445	447 
447	2	446	448 
448	2	447	449 
449	2	448	450 
450	2	449	451 
451	2	450	452 
452	2	451	453 
453	2	452	454 
454	2	453	455 
455	2	454	456 
456	2	455	457 
457	2	456	458 
458	2	457	459 
459	2	458	460 
460	2	459	461 
461	2	460	462 
462	2	461	463 
463	2	462	464 
464	2	463	465 
465	2	464	466 
466	2	465	467 
467	2	466	468 
468	2	467	469 
469	2	468	470 
470	2	469	471 
471	2	470	472 
472	2	471	473 
473	2	472	474 
474	2	473	475 
475	2	474	476 
476	2	475	477 
477	2	476	478 
478	2	477	479 
479	2	478	480 
480	2	479	481 
481	2	480	482 
482	2	481	483 
483	2	482	484 
484	2	483	485 
485	2	484	486 
486	2	485	487 
487	2	486	488 
488	2	487	489 
489	2	488	490 
490	2	489	491 
491	2	490	492 
492	2	491	493 
493	2	492	494 
494	2	493	495 
495	2	494	496 
496	2	495	497 
497	2	496	498 
498	2	497	499 
499	2	498	500 
500	2	499	501 
501	2	500	502 
502	2	501	503 
503	2	502	504 
504	2	503	505 
505	2	504	506 
506	2	505	507 
507	2	506	508 
508	2	507	509 
509	2	508	510 
510	2	509	511 
511	2	510	512 
512	2	511	513 
513	2	512	514 
514	2	513	515 
515	2	514	516 
516	2	515	517 
517	2	516	518 
518	2	517	519 
519	2	518	520 
520	2	519	521 
521	2	520	522 
522	2	521	523 
523	2	522	524 
524	2	523	525 
525	2	524	526 
526	2	525	527 
527	2	526	528 
528	2	527	529 
529	2	528	530 
530	2	529	531 
531	2	530	532 
532	2	531	533 
533	2	532	534 
534	2	533	535 
535	2	534	536 
536	2	535	537 
537	2	536	538 
538	2	537	539 
539	2	538	540 
540	2	539	541 
541	2	540	542 
542	2	541	543 
543	2	542	544 
544	2	543	545 
545	2	544	546 
546	2	545	547 
547	2	546	548 
548	2	547	549 
549	2	548	550 
550	2	549	551 
551	2	550	552 
552	2	551	553 
553	2	552	554 
554	2	553	555 
555	2	554	556 
556	2	555	557 
557	2	556	558 
558	2	557	559 
559	2	558	560 
560	2	559	561 
561	2	560	562 
562	2	561	563 
563	2	562	564 
564	2	563	565 
565	2	564	566 
566	2	565	567 
567	2	566	568 
568	2	567	569 
569	2	568	570 
570	2	569	571 
571	2	570	572 
572	2	571	573 
573	2	572	574 
574	2	573	575 
575	2	574	576 
576	2	575	577 
577	2	576	578 
578	2	577	579 
579	2	578	580 
580	2	579	581 
581	2	580	582 
582	2	581	583 
583	2	582	584 
584	2	583	585 
585	2	584	586 
586	2	585	587 
587	2	586	588 
588	2	587	589 
589	2	588	590 
590	2	589	591 
591	2	590	592 
592	2	591	593 
593	2	592	594 
594	2	593	595 
595	2	594	596 
596	2	595	597 
597	2	596	598 
598	2	597	599 
599	2	598	600 
600	2	599	601 
601	2	600	602 
602	2	601	603 
603	2	602	604 
604	2	603	605 
605	2	604	606 
606	2	605	607 
607	2	606	608 
608	2	607	609 
609	2	608	610 
610	2	609	611 
611	2	610	612 
612	2	611	613 
613	2	612	614 
614	2	613	615 
615	2	614	616 
616	2	615	617 
617	2	616	618 
618	2	617	619 
619	2	618	620 
620	2	619	621 
621	2	620	622 
622	2	621	623 
623	2	622	624 
624	2	623	625 
625	2	624	626 
626	2	625	627 
627	2	626	628 
628	2	627	629 
629	2	628	630 
630	2	629	631 
631	2	630	632 
632	2	631	633 
633	2	632	634 
634	2	633	635 
635	2	634	636 
636	2	635	637 
637	2	636	638 
638	2	637	639 
639	2	638	640 
640	2	639	641 
641	2	640	642 
642	2	641	643 
643	2	642	644 
644	2	643	645 
645	2	644	646 
646	2	645	647 
647	2	646	648 
648	2	647	649 
649	2	648	650 
650	2	649	651 
651	2	650	652 
652	2	651	653 
653	2	652	654 
654	2	653	655 
655	2	654	656 
656	2	655	657 
657	2	656	658 
658	2	657	659 
659	2	658	660 
660	2	659	661 
661	2	660	662 
662	2	661	663 
663	2	662	664 
664	2	663	665 
665	2	664	666 
666	2	665	667 
667	2	666	668 
668	2	667	669 
669	2	668	670 
670	2	669	671 
671	3	670	672	2295 
672	2	671	673 
673	2	672	674 
674	2	673	675 
675	2	674	676 
676	2	675	677 
677	2	676	678 
678	2	677	679 
679	2	678	680 
680	2	679	681 
681	2	680	682 
682	2	681	683 
683	2	682	684 
684	2	683	685 
685	2	684	686 
686	2	685	687 
687	2	686	688 
688	2	687	689 
689	2	688	690 
690	2	689	691 
691	2	690	692 
692	2	691	693 
693	2	692	694 
694	2	693	695 
695	2	694	696 
696	2	695	697 
697	2	696	698 
698	2	697	699 
699	2	698	700 
700	2	699	701 
701	2	700	702 
702	2	701	703 
703	2	702	704 
704	2	703	705 
705	2	704	706 
706	2	705	707 
707	2	706	708 
708	2	707	709 
709	2	708	710 
710	2	709	711 
711	2	710	712 
712	2	711	713 
713	2	712	714 
714	2	713	715 
715	2	714	716 
716	2	715	717 
717	2	716	718 
718	2	717	719 
719	2	718	720 
720	2	719	721 
721	2	720	722 
722	2	721	723 
723	2	722	724 
724	2	723	725 
725	2	724	726 
726	2	725	727 
727	2	726	728 
728	2	727	729 
729	2	728	730 
730	2	729	731 
731	2	730	732 
732	2	731	733 
733	2	732	734 
734	2	733	735 
735	2	734	736 
736	2	735	737 
737	2	736	738 
738	2	737	739 
739	2	738	740 
740	2	739	741 
741	2	740	742 
742	2	741	743 
743	2	742	744 
744	2	743	745 
745	2	744	746 
746	2	745	747 
747	2	746	748 
748	2	747	749 
749	2	748	750 
750	2	749	751 
751	2	750	752 
752	2	751	753 
753	2	752	754 
754	2	753	755 
755	2	754	756 
756	2	755	757 
757	2	756	758 
758	2	757	759 
759	2	758	760 
760	2	759	761 
761	2	760	762 
762	2	761	763 
763	2	762	764 
764	2	763	765 
765	2	764	766 
766	2	765	767 
767	2	766	768 
768	2	767	769 
769	2	768	770 
770	2	769	771 
771	2	770	772 
772	2	771	773 
773	2	772	774 
774	2	773	775 
775	2	774	776 
776	2	775	777 
777	2	776	778 
778	2	777	779 
779	2	778	780 
780	2	779	781 
781	2	780	782 
782	2	781	783 
783	2	782	784 
784	2	783	785 
785	2	784	786 
786	2	785	787 
787	2	786	788 
788	2	787	789 
789	2	788	790 
790	2	789	791 
791	2	790	792 
792	2	791	793 
793	2	792	794 
794	2	793	795 
795	2	794	796 
796	2	795	797 
797	2	796	798 
798	2	797	799 
799	2	798	800 
800	2	799	801 
801	2	800	802 
802	2	801	803 
803	2	802	804 
804	2	803	805 
805	2	804	806 
806	2	805	807 
807	2	806	808 
808	2	807	809 
809	2	808	810 
810	2	809	811 
811	2	810	812 
812	2	811	813 
813	3	812	814	2723 
814	2	813	815 
815	2	814	816 
816	2	815	817 
817	2	816	818 
818	2	817	819 
819	2	818	820 
820	2	819	821 
821	2	820	822 
822	2	821	823 
823	2	822	824 
824	2	823	825 
825	2	824	826 
826	2	825	827 
827	2	826	828 
828	2	827	829 
829	2	828	830 
830	2	829	831 
831	2	830	832 
832	2	831	833 
833	2	832	834 
834	2	833	835 
835	2	834	836 
836	2	835	837 
837	2	836	838 
838	2	837	839 
839	2	838	840 
840	2	839	841 
841	2	840	842 
842	2	841	843 
843	2	842	844 
844	2	843	845 
845	2	844	846 
846	2	845	847 
847	2	846	848 
848	2	847	849 
849	2	848	850 
850	2	849	851 
851	2	850	852 
852	2	851	853 
853	2	852	854 
854	2	853	855 
855	2	854	856 
856	2	855	857 
857	2	856	858 
858	2	857	859 
859	2	858	860 
860	2	859	861 
861	2	860	862 
862	2	861	863 
863	2	862	864 
864	2	863	865 
865	2	864	866 
866	2	865	867 
867	2	866	868 
868	2	867	869 
869	2	868	870 
870	2	869	871 
871	2	870	872 
872	2	871	873 
873	2	872	874 
874	2	873	875 
875	2	874	876 
876	2	875	877 
877	2	876	878 
878	2	877	879 
879	2	878	880 
880	2	879	881 
881	2	880	882 
882	2	881	883 
883	2	882	884 
884	2	883	885 
885	2	884	886 
886	2	885	887 
887	2	886	888 
888	2	887	889 
889	2	888	890 
890	2	889	891 
891	2	890	892 
892	2	891	893 
893	2	892	894 
894	2	893	895 
895	2	894	896 
896	2	895	897 
897	2	896	898 
898	2	897	899 
899	2	898	900 
900	3	899	901	3133 
901	2	900	902 
902	2	901	903 
903	2	902	904 
904	2	903	905 
905	2	904	906 
906	2	905	907 
907	2	906	908 
908	2	907	909 
909	2	908	910 
910	2	909	911 
911	2	910	912 
912	2	911	913 
913	2	912	914 
914	2	913	915 
915	2	914	916 
916	2	915	917 
917	2	916	918 
918	2	917	919 
919	2	918	920 
920	2	919	921 
921	2	920	922 
922	2	921	923 
923	2	922	924 
924	2	923	925 
925	2	924	926 
926	2	925	927 
927	2	926	928 
928	2	927	929 
929	2	928	930 
930	2	929	931 
931	2	930	932 
932	2	931	933 
933	2	932	934 
934	2	933	935 
935	2	934	936 
936	2	935	937 
937	2	936	938 
938	2	937	939 
939	2	938	940 
940	2	939	941 
941	2	940	942 
942	2	941	943 
943	2	942	944 
944	2	943	945 
945	2	944	946 
946	2	945	947 
947	2	946	948 
948	2	947	949 
949	2	948	950 
950	2	949	951 
951	2	950	952 
952	2	951	953 
953	2	952	954 
954	2	953	955 
955	2	954	956 
956	2	955	957 
957	2	956	958 
958	2	957	959 
959	2	958	960 
960	2	959	961 
961	2	960	962 
962	2	961	963 
963	2	962	964 
964	2	963	965 
965	2	964	966 
966	2	965	967 
967	2	966	968 
968	2	967	969 
969	2	968	970 
970	2	969	971 
971	2	970	972 
972	2	971	973 
973	2	972	974 
974	2	973	975 
975	2	974	976 
976	2	975	977 
977	2	976	978 
978	2	977	979 
979	2	978	980 
980	2	979	981 
981	2	980	982 
982	2	981	983 
983	2	982	984 
984	2	983	985 
985	2	984	986 
986	2	985	987 
987	2	986	988 
988	2	987	989 
989	2	988	990 
990	2	989	991 
991	2	990	992 
992	2	991	993 
993	2	992	994 
994	2	993	995 
995	2	994	996 
996	2	995	997 
997	2	996	998 
998	2	997	999 
999	2	998	1000 
1000	2	999	1001 
1001	2	1000	1002 
1002	2	1001	1003 
1003	2	1002	1004 
1004	2	1003	1005 
1005	2	1004	1006 
1006	2	1005	1007 
1007	2	1006	1008 
1008	2	1007	1009 
1009	2	1008	1010 
1010	2	1009	1011 
1011	2	1010	1012 
1012	2	1011	1013 
1013	2	1012	1014 
1014	2	1013	1015 
1015	2	1014	1016 
1016	2	1015	1017 
1017	2	1016	1018 
1018	2	1017	1019 
1019	2	1018	1020 
1020	2	1019	1021 
1021	2	1020	1022 
1022	2	1021	1023 
1023	2	1022	1024 
1024	2	1023	1025 
1025	2	1024	1026 
1026	2	1025	1027 
1027	2	1026	1028 
1028	2	1027	1029 
1029	2	1028	1030 
1030	2	1029	1031 
1031	2	1030	1032 
1032	2	1031	1033 
1033	2	1032	1034 
1034	2	1033	1035 
1035	2	1034	1036 
1036	2	1035	1037 
1037	2	1036	1038 
1038	2	1037	1039 
1039	2	1038	1040 
1040	2	1039	1041 
1041	2	1040	1042 
1042	2	1041	1043 
1043	2	1042	1044 
1044	2	1043	1045 
1045	2	1044	1046 
1046	2	1045	1047 
1047	2	1046	1048 
1048	2	1047	1049 
1049	2	1048	1050 
1050	2	1049	1051 
1051	2	1050	1052 
1052	2	1051	1053 
1053	2	1052	1054 
1054	2	1053	1055 
1055	2	1054	1056 
1056	2	1055	1057 
1057	2	1056	1058 
1058	2	1057	1059 
1059	2	1058	1060 
1060	2	1059	1061 
1061	2	1060	1062 
1062	2	1061	1063 
1063	2	1062	1064 
1064	2	1063	1065 
1065	2	1064	1066 
1066	2	1065	1067 
1067	2	1066	1068 
1068	2	1067	1069 
1069	2	1068	1070 
1070	2	1069	1071 
1071	2	1070	1072 
1072	2	1071	1073 
1073	2	1072	1074 
1074	2	1073	1075 
1075	2	1074	1076 
1076	2	1075	1077 
1077	2	1076	1078 
1078	2	1077	1079 
1079	2	1078	1080 
1080	2	1079	1081 
1081	2	1080	1082 
1082	2	1081	1083 
1083	2	1082	1084 
1084	2	1083	1085 
1085	2	1084	1086 
1086	2	1085	1087 
1087	2	1086	1088 
1088	2	1087	1089 
1089	2	1088	1090 
1090	2	1089	1091 
1091	2	1090	1092 
1092	2	1091	1093 
1093	2	1092	1094 
1094	2	1093	1095 
1095	2	1094	1096 
1096	2	1095	1097 
1097	2	1096	1098 
1098	2	1097	1099 
1099	2	1098	1100 
1100	2	1099	1101 
1101	2	1100	1102 
1102	2	1101	1103 
1103	2	1102	1104 
1104	2	1103	1105 
1105	2	1104	1106 
1106	2	1105	1107 
1107	2	1106	1108 
1108	2	1107	1109 
1109	2	1108	1110 
1110	2	1109	1111 
1111	2	1110	1112 
1112	2	1111	1113 
1113	2	1112	1114 
1114	2	1113	1115 
1115	2	1114	1116 
1116	2	1115	1117 
1117	2	1116	1118 
1118	2	1117	1119 
1119	2	1118	1120 
1120	2	1119	1121 
1121	2	1120	1122 
1122	2	1121	1123 
1123	2	1122	1124 
1124	2	1123	1125 
1125	2	1124	1126 
1126	2	1125	1127 
1127	2	1126	1128 
1128	2	1127	1129 
1129	2	1128	1130 
1130	2	1129	1131 
1131	2	1130	1132 
1132	2	1131	1133 
1133	2	1132	1134 
1134	2	1133	1135 
1135	2	1134	1136 
1136	2	1135	1137 
1137	2	1136	1138 
1138	2	1137	1139 
1139	2	1138	1140 
1140	2	1139	1141 
1141	2	1140	1142 
1142	2	1141	1143 
1143	2	1142	1144 
1144	2	1143	1145 
1145	2	1144	1146 
1146	2	1145	1147 
1147	2	1146	1148 
1148	2	1147	1149 
1149	2	1148	1150 
1150	2	1149	1151 
1151	2	1150	1152 
1152	2	1151	1153 
1153	2	1152	1154 
1154	2	1153	1155 
1155	2	1154	1156 
1156	2	1155	1157 
1157	2	1156	1158 
1158	2	1157	1159 
1159	2	1158	1160 
1160	2	1159	1161 
1161	2	1160	1162 
1162	2	1161	1163 
1163	2	1162	1164 
1164	2	1163	1165 
1165	2	1164	1166 
1166	2	1165	1167 
1167	2	1166	1168 
1168	2	1167	1169 
1169	2	1168	1170 
1170	2	1169	1171 
1171	2	1170	1172 
1172	2	1171	1173 
1173	2	1172	1174 
1174	2	1173	1175 
1175	2	1174	1176 
1176	2	1175	1177 
1177	2	1176	1178 
1178	2	1177	1179 
1179	2	1178	1180 
1180	2	1179	1181 
1181	2	1180	1182 
1182	2	1181	1183 
1183	2	1182	1184 
1184	2	1183	1185 
1185	2	1184	1186 
1186	2	1185	1187 
1187	2	1186	1188 
1188	2	1187	1189 
1189	2	1188	1190 
1190	2	1189	1191 
1191	2	1190	1192 
1192	2	1191	1193 
1193	2	1192	1194 
1194	2	1193	1195 
1195	2	1194	1196 
1196	2	1195	1197 
1197	2	1196	1198 
1198	2	1197	1199 
1199	2	1198	1200 
1200	2	1199	1201 
1201	2	1200	1202 
1202	2	1201	1203 
1203	2	1202	1204 
1204	2	1203	1205 
1205	2	1204	1206 
1206	2	1205	1207 
1207	2	1206	1208 
1208	2	1207	1209 
1209	2	1208	1210 
1210	2	1209	1211 
1211	2	1210	1212 
1212	2	1211	1213 
1213	2	1212	1214 
1214	2	1213	1215 
1215	2	1214	1216 
1216	2	1215	1217 
1217	2	1216	1218 
1218	2	1217	1219 
1219	2	1218	1220 
1220	2	1219	1221 
1221	2	1220	1222 
1222	2	1221	1223 
1223	2	1222	1224 
1224	2	1223	1225 
1225	2	1224	1226 
1226	2	1225	1227 
1227	2	1226	1228 
1228	2	1227	1229 
1229	2	1228	1230 
1230	2	1229	1231 
1231	2	1230	1232 
1232	2	1231	1233 
1233	2	1232	1234 
1234	2	1233	1235 
1235	2	1234	1236 
1236	2	1235	1237 
1237	2	1236	1238 
1238	2	1237	1239 
1239	2	1238	1240 
1240	2	1239	1241 
1241	2	1240	1242 
1242	2	1241	1243 
1243	2	1242	1244 
1244	2	1243	1245 
1245	2	1244	1246 
1246	2	1245	1247 
1247	2	1246	1248 
1248	2	1247	1249 
1249	2	1248	1250 
1250	2	1249	1251 
1251	2	1250	1252 
1252	2	1251	1253 
1253	2	1252	1254 
1254	2	1253	1255 
1255	2	1254	1256 
1256	2	1255	1257 
1257	2	1256	1258 
1258	2	1257	1259 
1259	2	1258	1260 
1260	2	1259	1261 
1261	2	1260	1262 
1262	2	1261	1263 
1263	2	1262	1264 
1264	2	1263	1265 
1265	2	1264	1266 
1266	2	1265	1267 
1267	2	1266	1268 
1268	2	1267	1269 
1269	2	1268	1270 
1270	2	1269	1271 
1271	2	1270	1272 
1272	2	1271	1273 
1273	2	1272	1274 
1274	2	1273	1275 
1275	2	1274	1276 
1276	2	1275	1277 
1277	2	1276	1278 
1278	2	1277	1279 
1279	2	1278	1280 
1280	2	1279	1281 
1281	2	1280	1282 
1282	2	1281	1283 
1283	2	1282	1284 
1284	2	1283	1285 
1285	2	1284	1286 
1286	2	1285	1287 
1287	2	1286	1288 
1288	2	1287	1289 
1289	2	1288	1290 
1290	2	1289	1291 
1291	2	1290	1292 
1292	2	1291	1293 
1293	2	1292	1294 
1294	2	1293	1295 
1295	2	1294	1296 
1296	2	1295	1297 
1297	2	1296	1298 
1298	2	1297	1299 
1299	2	1298	1300 
1300	2	1299	1301 
1301	2	1300	1302 
1302	2	1301	1303 
1303	2	1302	1304 
1304	2	1303	1305 
1305	2	1304	1306 
1306	2	1305	1307 
1307	2	1306	1308 
1308	2	1307	1309 
1309	2	1308	1310 
1310	2	1309	1311 
1311	2	1310	1312 
1312	2	1311	1313 
1313	2	1312	1314 
1314	2	1313	1315 
1315	2	1314	1316 
1316	2	1315	1317 
1317	2	1316	1318 
1318	2	1317	1319 
1319	2	1318	1320 
1320	2	1319	1321 
1321	2	1320	1322 
1322	2	1321	1323 
1323	2	1322	1324 
1324	2	1323	1325 
1325	2	1324	1326 
1326	2	1325	1327 
1327	2	1326	1328 
1328	2	1327	1329 
1329	2	1328	1330 
1330	2	1329	1331 
1331	2	1330	1332 
1332	2	1331	1333 
1333	2	1332	1334 
1334	2	1333	1335 
1335	2	1334	1336 
1336	2	1335	1337 
1337	2	1336	1338 
1338	2	1337	1339 
1339	2	1338	1340 
1340	2	1339	1341 
1341	2	1340	1342 
1342	2	1341	1343 
1343	2	1342	1344 
1344	2	1343	1345 
1345	2	1344	1346 
1346	2	1345	1347 
1347	2	1346	1348 
1348	2	1347	1349 
1349	2	1348	1350 
1350	2	1349	1351 
1351	2	1350	1352 
1352	2	1351	1353 
1353	2	1352	1354 
1354	2	1353	1355 
1355	2	1354	1356 
1356	2	1355	1357 
1357	2	1356	1358 
1358	2	1357	1359 
1359	2	1358	1360 
1360	2	1359	1361 
1361	2	1360	1362 
1362	2	1361	1363 
1363	2	1362	1364 
1364	2	1363	1365 
1365	2	1364	1366 
1366	2	1365	1367 
1367	2	1366	1368 
1368	2	1367	1369 
1369	2	1368	1370 
1370	2	1369	1371 
1371	2	1370	1372 
1372	2	1371	1373 
1373	2	1372	1374 
1374	2	1373	1375 
1375	2	1374	1376 
1376	2	1375	1377 
1377	2	1376	1378 
1378	2	1377	1379 
1379	2	1378	1380 
1380	2	1379	1381 
1381	2	1380	1382 
1382	2	1381	1383 
1383	2	1382	1384 
1384	2	1383	1385 
1385	2	1384	1386 
1386	2	1385	1387 
1387	2	1386	1388 
1388	2	1387	1389 
1389	2	1388	1390 
1390	2	1389	1391 
1391	2	1390	1392 
1392	2	1391	1393 
1393	2	1392	1394 
1394	2	1393	1395 
1395	2	1394	1396 
1396	2	1395	1397 
1397	2	1396	1398 
1398	2	1397	1399 
1399	2	1398	1400 
1400	2	1399	1401 
1401	2	1400	1402 
1402	2	1401	1403 
1403	2	1402	1404 
1404	2	1403	1405 
1405	2	1404	1406 
1406	2	1405	1407 
1407	2	1406	1408 
1408	2	1407	1409 
1409	2	1408	1410 
1410	2	1409	1411 
1411	2	1410	1412 
1412	2	1411	1413 
1413	2	1412	1414 
1414	2	1413	1415 
1415	2	1414	1416 
1416	2	1415	1417 
1417	2	1416	1418 
1418	2	1417	1419 
1419	2	1418	1420 
1420	2	1419	1421 
1421	2	1420	1422 
1422	2	1421	1423 
1423	2	1422	1424 
1424	2	1423	1425 
1425	2	1424	1426 
1426	2	1425	1427 
1427	2	1426	1428 
1428	2	1427	1429 
1429	2	1428	1430 
1430	2	1429	1431 
1431	2	1430	1432 
1432	2	1431	1433 
1433	2	1432	1434 
1434	2	1433	1435 
1435	2	1434	1436 
1436	2	1435	1437 
1437	2	1436	1438 
1438	2	1437	1439 
1439	2	1438	1440 
1440	2	1439	1441 
1441	2	1440	1442 
1442	2	1441	1443 
1443	2	1442	1444 
1444	2	1443	1445 
1445	2	1444	1446 
1446	2	1445	1447 
1447	2	1446	1448 
1448	2	1447	1449 
1449	2	1448	1450 
1450	2	1449	1451 
1451	2	1450	1452 
1452	2	1451	1453 
1453	2	1452	1454 
1454	2	1453	1455 
1455	2	1454	1456 
1456	2	1455	1457 
1457	2	1456	1458 
1458	2	1457	1459 
1459	2	1458	1460 
1460	2	1459	1461 
1461	2	1460	1462 
1462	2	1461	1463 
1463	2	1462	1464 
1464	2	1463	1465 
1465	2	1464	1466 
1466	2	1465	1467 
1467	2	1466	1468 
1468	2	1467	1469 
1469	2	1468	1470 
1470	2	1469	1471 
1471	2	1470	1472 
1472	2	1471	1473 
1473	2	1472	1474 
1474	2	1473	1475 
1475	2	1474	1476 
1476	2	1475	1477 
1477	2	1476	1478 
1478	2	1477	1479 
1479	2	1478	1480 
1480	2	1479	1481 
1481	2	1480	1482 
1482	2	1481	1483 
1483	2	1482	1484 
1484	2	1483	1485 
1485	2	1484	1486 
1486	2	1485	1487 
1487	2	1486	1488 
1488	2	1487	1489 
1489	2	1488	1490 
1490	2	1489	1491 
1491	2	1490	1492 
1492	2	1491	1493 
1493	2	1492	1494 
1494	2	1493	1495 
1495	2	1494	1496 
1496	2	1495	1497 
1497	2	1496	1498 
1498	2	1497	1499 
1499	2	1498	1500 
1500	2	1499	1501 
1501	2	1500	1502 
1502	2	1501	1503 
1503	2	1502	1504 
1504	2	1503	1505 
1505	2	1504	1506 
1506	2	1505	1507 
1507	2	1506	1508 
1508	2	1507	1509 
1509	2	1508	1510 
1510	2	1509	1511 
1511	2	1510	1512 
1512	2	1511	1513 
1513	2	1512	1514 
1514	2	1513	1515 
1515	2	1514	1516 
1516	2	1515	1517 
1517	2	1516	1518 
1518	2	1517	1519 
1519	2	1518	1520 
1520	2	1519	1521 
1521	2	1520	1522 
1522	2	1521	1523 
1523	2	1522	1524 
1524	2	1523	1525 
1525	2	1524	1526 
1526	2	1525	1527 
1527	2	1526	1528 
1528	2	1527	1529 
1529	2	1528	1530 
1530	2	1529	1531 
1531	2	1530	1532 
1532	2	1531	1533 
1533	2	1532	1534 
1534	2	1533	1535 
1535	2	1534	1536 
1536	2	1535	1537 
1537	2	1536	1538 
1538	2	1537	1539 
1539	2	1538	1540 
1540	2	1539	1541 
1541	2	1540	1542 
1542	2	1541	1543 
1543	2	1542	1544 
1544	2	1543	1545 
1545	2	1544	1546 
1546	2	1545	1547 
1547	2	1546	1548 
1548	2	1547	1549 
1549	2	1548	1550 
1550	2	1549	1551 
1551	2	1550	1552 
1552	2	1551	1553 
1553	2	1552	1554 
1554	2	1553	1555 
1555	2	1554	1556 
1556	2	1555	1557 
1557	2	1556	1558 
1558	2	1557	1559 
1559	2	1558	1560 
1560	2	1559	1561 
1561	2	1560	1562 
1562	2	1561	1563 
1563	2	1562	1564 
1564	2	1563	1565 
1565	2	1564	1566 
1566	2	1565	1567 
1567	2	1566	1568 
1568	2	1567	1569 
1569	2	1568	1570 
1570	2	1569	1571 
1571	2	1570	1572 
1572	2	1571	1573 
1573	2	1572	1574 
1574	2	1573	1575 
1575	2	1574	1576 
1576	2	1575	1577 
1577	2	1576	1578 
1578	2	1577	1579 
1579	2	1578	1580 
1580	2	1579	1581 
1581	2	1580	1582 
1582	2	1581	1583 
1583	2	1582	1584 
1584	2	1583	1585 
1585	2	1584	1586 
1586	2	1585	1587 
1587	2	1586	1588 
1588	2	1587	1589 
1589	2	1588	1590 
1590	2	1589	1591 
1591	2	1590	1592 
1592	2	1591	1593 
1593	2	1592	1594 
1594	2	1593	1595 
1595	2	1594	1596 
1596	2	1595	1597 
1597	2	1596	1598 
1598	2	1597	1599 
1599	2	1598	1600 
1600	2	1599	1601 
1601	2	1600	1602 
1602	2	1601	1603 
1603	2	1602	1604 
1604	2	1603	1605 
1605	2	1604	1606 
1606	2	1605	1607 
1607	2	1606	1608 
1608	2	1607	1609 
1609	2	1608	1610 
1610	2	1609	1611 
1611	2	1610	1612 
1612	2	1611	1613 
1613	2	1612	1614 
1614	2	1613	1615 
1615	2	1614	1616 
1616	2	1615	1617 
1617	2	1616	1618 
1618	2	1617	1619 
1619	2	1618	1620 
1620	2	1619	1621 
1621	2	1620	1622 
1622	2	1621	1623 
1623	2	1622	1624 
1624	2	1623	1625 
1625	2	1624	1626 
1626	2	1625	1627 
1627	2	1626	1628 
1628	2	1627	1629 
1629	2	1628	1630 
1630	2	1629	1631 
1631	2	1630	1632 
1632	2	1631	1633 
1633	2	1632	1634 
1634	2	1633	1635 
1635	2	1634	1636 
1636	2	1635	1637 
1637	2	1636	1638 
1638	2	1637	1639 
1639	2	1638	1640 
1640	2	1639	1641 
1641	2	1640	1642 
1642	2	1641	1643 
1643	2	1642	1644 
1644	2	1643	1645 
1645	2	1644	1646 
1646	2	1645	1647 
1647	2	1646	1648 
1648	2	1647	1649 
1649	2	1648	1650 
1650	2	1649	1651 
1651	2	1650	1652 
1652	2	1651	1653 
1653	2	1652	1654 
1654	2	1653	1655 
1655	2	1654	1656 
1656	2	1655	1657 
1657	2	1656	1658 
1658	2	1657	1659 
1659	2	1658	1660 
1660	2	1659	1661 
1661	2	1660	1662 
1662	2	1661	1663 
1663	2	1662	1664 
1664	2	1663	1665 
1665	2	1664	1666 
1666	2	1665	1667 
1667	2	1666	1668 
1668	2	1667	1669 
1669	2	1668	1670 
1670	2	1669	1671 
1671	2	1670	1672 
1672	2	1671	1673 
1673	2	1672	1674 
1674	2	1673	1675 
1675	2	1674	1676 
1676	2	1675	1677 
1677	2	1676	1678 
1678	2	1677	1679 
1679	2	1678	1680 
1680	2	1679	1681 
1681	2	1680	1682 
1682	2	1681	1683 
1683	2	1682	1684 
1684	2	1683	1685 
1685	2	1684	1686 
1686	2	1685	1687 
1687	2	1686	1688 
1688	2	1687	1689 
1689	2	1688	1690 
1690	2	1689	1691 
1691	2	1690	1692 
1692	2	1691	1693 
1693	2	1692	1694 
1694	2	1693	1695 
1695	2	1694	1696 
1696	2	1695	1697 
1697	2	1696	1698 
1698	2	1697	1699 
1699	2	1698	1700 
1700	2	1699	1701 
1701	2	1700	1702 
1702	2	1701	1703 
1703	2	1702	1704 
1704	2	1703	1705 
1705	2	1704	1706 
1706	2	1705	1707 
1707	2	1706	1708 
1708	2	1707	1709 
1709	2	1708	1710 
1710	2	1709	1711 
1711	2	1710	1712 
1712	2	1711	1713 
1713	2	1712	1714 
1714	2	1713	1715 
1715	2	1714	1716 
1716	2	1715	1717 
1717	2	1716	1718 
1718	2	1717	1719 
1719	2	1718	1720 
1720	2	1719	1721 
1721	2	1720	1722 
1722	2	1721	1723 
1723	2	1722	1724 
1724	2	1723	1725 
1725	2	1724	1726 
1726	2	1725	1727 
1727	2	1726	1728 
1728	2	1727	1729 
1729	2	1728	1730 
1730	2	1729	1731 
1731	2	1730	1732 
1732	2	1731	1733 
1733	2	1732	1734 
1734	2	1733	1735 
1735	2	1734	1736 
1736	2	1735	1737 
1737	2	1736	1738 
1738	2	1737	1739 
1739	2	1738	1740 
1740	2	1739	1741 
1741	2	1740	1742 
1742	2	1741	1743 
1743	2	1742	1744 
1744	2	1743	1745 
1745	2	1744	1746 
1746	2	1745	1747 
1747	2	1746	1748 
1748	2	1747	1749 
1749	2	1748	1750 
1750	2	1749	1751 
1751	2	1750	1752 
1752	2	1751	1753 
1753	2	1752	1754 
1754	2	1753	1755 
1755	2	1754	1756 
1756	2	1755	1757 
1757	2	1756	1758 
1758	2	1757	1759 
1759	2	1758	1760 
1760	2	1759	1761 
1761	2	1760	1762 
1762	2	1761	1763 
1763	2	1762	1764 
1764	2	1763	1765 
1765	2	1764	1766 
1766	2	1765	1767 
1767	2	1766	1768 
1768	2	1767	1769 
1769	2	1768	1770 
1770	2	1769	1771 
1771	2	1770	1772 
1772	2	1771	1773 
1773	2	1772	1774 
1774	2	1773	1775 
1775	2	1774	1776 
1776	2	1775	1777 
1777	2	1776	1778 
1778	2	1777	1779 
1779	2	1778	1780 
1780	2	1779	1781 
1781	2	1780	1782 
1782	2	1781	1783 
1783	2	1782	1784 
1784	2	1783	1785 
1785	2	1784	1786 
1786	2	1785	1787 
1787	2	1786	1788 
1788	2	1787	1789 
1789	2	1788	1790 
1790	2	1789	1791 
1791	2	1790	1792 
1792	2	1791	1793 
1793	2	1792	1794 
1794	2	1793	1795 
1795	2	1794	1796 
1796	2	1795	1797 
1797	2	1796	1798 
1798	3	1797	1799	3160 
1799	2	1798	1800 
1800	2	1799	1801 
1801	2	1800	1802 
1802	2	1801	1803 
1803	2	1802	1804 
1804	2	1803	1805 
1805	2	1804	1806 
1806	2	1805	1807 
1807	2	1806	1808 
1808	2	1807	1809 
1809	2	1808	1810 
1810	2	1809	1811 
1811	2	1810	1812 
1812	2	1811	1813 
1813	2	1812	1814 
1814	2	1813	1815 
1815	2	1814	1816 
1816	2	1815	1817 
1817	2	1816	1818 
1818	2	1817	1819 
1819	2	1818	1820 
1820	2	1819	1821 
1821	2	1820	1822 
1822	2	1821	1823 
1823	2	1822	1824 
1824	2	1823	1825 
1825	2	1824	1826 
1826	2	1825	1827 
1827	2	1826	1828 
1828	2	1827	1829 
1829	2	1828	1830 
1830	2	1829	1831 
1831	2	1830	1832 
1832	2	1831	1833 
1833	2	1832	1834 
1834	2	1833	1835 
1835	2	1834	1836 
1836	2	1835	1837 
1837	2	1836	1838 
1838	2	1837	1839 
1839	2	1838	1840 
1840	2	1839	1841 
1841	2	1840	1842 
1842	2	1841	1843 
1843	2	1842	1844 
1844	2	1843	1845 
1845	2	1844	1846 
1846	2	1845	1847 
1847	2	1846	1848 
1848	2	1847	1849 
1849	2	1848	1850 
1850	2	1849	1851 
1851	2	1850	1852 
1852	2	1851	1853 
1853	2	1852	1854 
1854	2	1853	1855 
1855	2	1854	1856 
1856	2	1855	1857 
1857	2	1856	1858 
1858	2	1857	1859 
1859	2	1858	1860 
1860	2	1859	1861 
1861	2	1860	1862 
1862	2	1861	1863 
1863	2	1862	1864 
1864	2	1863	1865 
1865	2	1864	1866 
1866	2	1865	1867 
1867	2	1866	1868 
1868	2	1867	1869 
1869	2	1868	1870 
1870	2	1869	1871 
1871	2	1870	1872 
1872	2	1871	1873 
1873	2	1872	1874 
1874	2	1873	1875 
1875	2	1874	1876 
1876	2	1875	1877 
1877	2	1876	1878 
1878	2	1877	1879 
1879	2	1878	1880 
1880	2	1879	1881 
1881	2	1880	1882 
1882	2	1881	1883 
1883	2	1882	1884 
1884	2	1883	1885 
1885	2	1884	1886 
1886	2	1885	1887 
1887	2	1886	1888 
1888	2	1887	1889 
1889	2	1888	1890 
1890	2	1889	1891 
1891	2	1890	1892 
1892	2	1891	1893 
1893	2	1892	1894 
1894	2	1893	1895 
1895	2	1894	1896 
1896	2	1895	1897 
1897	2	1896	1898 
1898	2	1897	1899 
1899	2	1898	1900 
1900	2	1899	1901 
1901	2	1900	1902 
1902	2	1901	1903 
1903	2	1902	1904 
1904	2	1903	1905 
1905	2	1904	1906 
1906	2	1905	1907 
1907	2	1906	1908 
1908	2	1907	1909 
1909	2	1908	1910 
1910	2	1909	1911 
1911	2	1910	1912 
1912	2	1911	1913 
1913	2	1912	1914 
1914	2	1913	1915 
1915	2	1914	1916 
1916	2	1915	1917 
1917	2	1916	1918 
1918	2	1917	1919 
1919	2	1918	1920 
1920	2	1919	1921 
1921	2	1920	1922 
1922	2	1921	1923 
1923	2	1922	1924 
1924	2	1923	1925 
1925	2	1924	1926 
1926	2	1925	1927 
1927	2	1926	1928 
1928	2	1927	1929 
1929	2	1928	1930 
1930	2	1929	1931 
1931	2	1930	1932 
1932	2	1931	1933 
1933	2	1932	1934 
1934	2	1933	1935 
1935	2	1934	1936 
1936	2	1935	1937 
1937	2	1936	1938 
1938	2	1937	1939 
1939	2	1938	1940 
1940	2	1939	1941 
1941	2	1940	1942 
1942	2	1941	1943 
1943	2	1942	1944 
1944	2	1943	1945 
1945	2	1944	1946 
1946	2	1945	1947 
1947	2	1946	1948 
1948	2	1947	1949 
1949	2	1948	1950 
1950	2	1949	1951 
1951	2	1950	1952 
1952	2	1951	1953 
1953	2	1952	1954 
1954	2	1953	1955 
1955	2	1954	1956 
1956	2	1955	1957 
1957	2	1956	1958 
1958	2	1957	1959 
1959	2	1958	1960 
1960	2	1959	1961 
1961	2	1960	1962 
1962	2	1961	1963 
1963	2	1962	1964 
1964	2	1963	1965 
1965	2	1964	1966 
1966	2	1965	1967 
1967	2	1966	1968 
1968	2	1967	1969 
1969	2	1968	1970 
1970	2	1969	1971 
1971	2	1970	1972 
1972	2	1971	1973 
1973	2	1972	1974 
1974	2	1973	1975 
1975	2	1974	1976 
1976	2	1975	1977 
1977	2	1976	1978 
1978	2	1977	1979 
1979	2	1978	1980 
1980	2	1979	1981 
1981	2	1980	1982 
1982	2	1981	1983 
1983	2	1982	1984 
1984	2	1983	1985 
1985	2	1984	1986 
1986	2	1985	1987 
1987	2	1986	1988 
1988	2	1987	1989 
1989	2	1988	1990 
1990	2	1989	1991 
1991	2	1990	1992 
1992	2	1991	1993 
1993	2	1992	1994 
1994	2	1993	1995 
1995	2	1994	1996 
1996	2	1995	1997 
1997	2	1996	1998 
1998	2	1997	1999 
1999	2	1998	2000 
2000	2	1999	2001 
2001	2	2000	2002 
2002	2	2001	2003 
2003	2	2002	2004 
2004	2	2003	2005 
2005	2	2004	2006 
2006	2	2005	2007 
2007	2	2006	2008 
2008	2	2007	2009 
2009	2	2008	2010 
2010	2	2009	2011 
2011	2	2010	2012 
2012	2	2011	2013 
2013	2	2012	2014 
2014	2	2013	2015 
2015	2	2014	2016 
2016	2	2015	2017 
2017	2	2016	2018 
2018	2	2017	2019 
2019	2	2018	2020 
2020	2	2019	2021 
2021	2	2020	2022 
2022	2	2021	2023 
2023	2	2022	2024 
2024	2	2023	2025 
2025	2	2024	2026 
2026	2	2025	2027 
2027	2	2026	2028 
2028	2	2027	2029 
2029	2	2028	2030 
2030	2	2029	2031 
2031	2	2030	2032 
2032	2	2031	2033 
2033	2	2032	2034 
2034	2	2033	2035 
2035	2	2034	2036 
2036	2	2035	2037 
2037	2	2036	2038 
2038	2	2037	2039 
2039	2	2038	2040 
2040	2	2039	2041 
2041	2	2040	2042 
2042	2	2041	2043 
2043	2	2042	2044 
2044	2	2043	2045 
2045	2	2044	2046 
2046	2	2045	2047 
2047	2	2046	2048 
2048	2	2047	2049 
2049	2	2048	2050 
2050	2	2049	2051 
2051	2	2050	2052 
2052	2	2051	2053 
2053	2	2052	2054 
2054	2	2053	2055 
2055	2	2054	2056 
2056	2	2055	2057 
2057	2	2056	2058 
2058	2	2057	2059 
2059	2	2058	2060 
2060	2	2059	2061 
2061	2	2060	2062 
2062	2	2061	2063 
2063	2	2062	2064 
2064	2	2063	2065 
2065	2	2064	2066 
2066	2	2065	2067 
2067	2	2066	2068 
2068	2	2067	2069 
2069	2	2068	2070 
2070	2	2069	2071 
2071	2	2070	2072 
2072	2	2071	2073 
2073	2	2072	2074 
2074	2	2073	2075 
2075	2	2074	2076 
2076	2	2075	2077 
2077	2	2076	2078 
2078	2	2077	2079 
2079	2	2078	2080 
2080	2	2079	2081 
2081	2	2080	2082 
2082	2	2081	2083 
2083	2	2082	2084 
2084	2	2083	2085 
2085	2	2084	2086 
2086	2	2085	2087 
2087	2	2086	2088 
2088	2	2087	2089 
2089	2	2088	2090 
2090	2	2089	2091 
2091	2	2090	2092 
2092	2	2091	2093 
2093	2	2092	2094 
2094	2	2093	2095 
2095	2	2094	2096 
2096	2	2095	2097 
2097	2	2096	2098 
2098	2	2097	2099 
2099	2	2098	2100 
2100	2	2099	2101 
2101	2	2100	2102 
2102	2	2101	2103 
2103	2	2102	2104 
2104	2	2103	2105 
2105	2	2104	2106 
2106	2	2105	2107 
2107	2	2106	2108 
2108	2	2107	2109 
2109	2	2108	2110 
2110	2	2109	2111 
2111	2	2110	2112 
2112	2	2111	2113 
2113	2	2112	2114 
2114	2	2113	2115 
2115	2	2114	2116 
2116	2	2115	2117 
2117	2	2116	2118 
2118	2	2117	2119 
2119	2	2118	2120 
2120	2	2119	2121 
2121	2	2120	2122 
2122	2	2121	2123 
2123	2	2122	2124 
2124	2	2123	2125 
2125	2	2124	2126 
2126	2	2125	2127 
2127	2	2126	2128 
2128	2	2127	2129 
2129	2	2128	2130 
2130	2	2129	2131 
2131	2	2130	2132 
2132	2	2131	2133 
2133	2	2132	2134 
2134	2	2133	2135 
2135	2	2134	2136 
2136	2	2135	2137 
2137	2	2136	2138 
2138	2	2137	2139 
2139	2	2138	2140 
2140	2	2139	2141 
2141	2	2140	2142 
2142	2	2141	2143 
2143	2	2142	2144 
2144	2	2143	2145 
2145	2	2144	2146 
2146	2	2145	2147 
2147	2	2146	2148 
2148	2	2147	2149 
2149	2	2148	2150 
2150	2	2149	2151 
2151	2	2150	2152 
2152	2	2151	2153 
2153	2	2152	2154 
2154	2	2153	2155 
2155	2	2154	2156 
2156	2	2155	2157 
2157	2	2156	2158 
2158	2	2157	2159 
2159	2	2158	2160 
2160	2	2159	2161 
2161	2	2160	2162 
2162	2	2161	2163 
2163	2	2162	2164 
2164	2	2163	2165 
2165	2	2164	2166 
2166	2	2165	2167 
2167	2	2166	2168 
2168	2	2167	2169 
2169	2	2168	2170 
2170	2	2169	2171 
2171	2	2170	2172 
2172	2	2171	2173 
2173	2	2172	2174 
2174	2	2173	2175 
2175	2	2174	2176 
2176	2	2175	2177 
2177	2	2176	2178 
2178	2	2177	2179 
2179	2	2178	2180 
2180	2	2179	2181 
2181	2	2180	2182 
2182	2	2181	2183 
2183	2	2182	2184 
2184	2	2183	2185 
2185	2	2184	2186 
2186	2	2185	2187 
2187	2	2186	2188 
2188	2	2187	2189 
2189	2	2188	2190 
2190	2	2189	2191 
2191	2	2190	2192 
2192	2	2191	2193 
2193	2	2192	2194 
2194	2	2193	2195 
2195	2	2194	2196 
2196	2	2195	2197 
2197	2	2196	2198 
2198	2	2197	2199 
2199	2	2198	2200 
2200	2	2199	2201 
2201	2	2200	2202 
2202	2	2201	2203 
2203	2	2202	2204 
2204	2	2203	2205 
2205	2	2204	2206 
2206	2	2205	2207 
2207	2	2206	2208 
2208	2	2207	2209 
2209	2	2208	2210 
2210	2	2209	2211 
2211	2	2210	2212 
2212	2	2211	2213 
2213	2	2212	2214 
2214	2	2213	2215 
2215	2	2214	2216 
2216	2	2215	2217 
2217	2	2216	2218 
2218	2	2217	2219 
2219	2	2218	2220 
2220	2	2219	2221 
2221	2	2220	2222 
2222	2	2221	2223 
2223	2	2222	2224 
2224	2	2223	2225 
2225	2	2224	2226 
2226	2	2225	2227 
2227	2	2226	2228 
2228	2	2227	2229 
2229	2	2228	2230 
2230	2	2229	2231 
2231	2	2230	2232 
2232	2	2231	2233 
2233	2	2232	2234 
2234	2	2233	2235 
2235	2	2234	2236 
2236	2	2235	2237 
2237	2	2236	2238 
2238	2	2237	2239 
2239	2	2238	2240 
2240	2	2239	2241 
2241	2	2240	2242 
2242	2	2241	2243 
2243	2	2242	2244 
2244	2	2243	2245 
2245	2	2244	2246 
2246	2	2245	2247 
2247	2	2246	2248 
2248	2	2247	2249 
2249	2	2248	2250 
2250	2	2249	2251 
2251	2	2250	2252 
2252	2	2251	2253 
2253	2	2252	2254 
2254	2	2253	2255 
2255	2	2254	2256 
2256	2	2255	2257 
2257	2	2256	2258 
2258	2	2257	2259 
2259	2	2258	2260 
2260	2	2259	2261 
2261	2	2260	2262 
2262	2	2261	2263 
2263	2	2262	2264 
2264	2	2263	2265 
2265	2	2264	2266 
2266	2	2265	2267 
2267	2	2266	2268 
2268	2	2267	2269 
2269	2	2268	2270 
2270	2	2269	2271 
2271	2	2270	2272 
2272	2	2271	2273 
2273	2	2272	2274 
2274	2	2273	2275 
2275	2	2274	2276 
2276	2	2275	2277 
2277	2	2276	2278 
2278	2	2277	2279 
2279	2	2278	2280 
2280	2	2279	2281 
2281	2	2280	2282 
2282	2	2281	2283 
2283	2	2282	2284 
2284	2	2283	2285 
2285	2	2284	2286 
2286	2	2285	2287 
2287	2	2286	2288 
2288	2	2287	2289 
2289	2	2288	2290 
2290	2	2289	2291 
2291	2	2290	2292 
2292	2	2291	2293 
2293	2	2292	2294 
2294	3	2293	3247	4372 
2295	2	671	2296 
2296	2	2295	2297 
2297	2	2296	2298 
2298	2	2297	2299 
2299	2	2298	2300 
2300	2	2299	2301 
2301	2	2300	2302 
2302	2	2301	2303 
2303	2	2302	2304 
2304	2	2303	2305 
2305	2	2304	2306 
2306	2	2305	2307 
2307	2	2306	2308 
2308	2	2307	2309 
2309	2	2308	2310 
2310	2	2309	2311 
2311	2	2310	2312 
2312	2	2311	2313 
2313	2	2312	2314 
2314	2	2313	2315 
2315	2	2314	2316 
2316	2	2315	2317 
2317	2	2316	2318 
2318	2	2317	2319 
2319	2	2318	2320 
2320	2	2319	2321 
2321	2	2320	2322 
2322	2	2321	2323 
2323	2	2322	2324 
2324	2	2323	2325 
2325	2	2324	2326 
2326	2	2325	2327 
2327	2	2326	2328 
2328	2	2327	2329 
2329	2	2328	2330 
2330	2	2329	2331 
2331	2	2330	2332 
2332	2	2331	2333 
2333	2	2332	2334 
2334	2	2333	2335 
2335	2	2334	2336 
2336	2	2335	2337 
2337	2	2336	2338 
2338	2	2337	2339 
2339	2	2338	2340 
2340	2	2339	2341 
2341	2	2340	2342 
2342	2	2341	2343 
2343	2	2342	2344 
2344	2	2343	2345 
2345	2	2344	2346 
2346	2	2345	2347 
2347	2	2346	2348 
2348	2	2347	2349 
2349	2	2348	2350 
2350	2	2349	2351 
2351	2	2350	2352 
2352	2	2351	2353 
2353	2	2352	2354 
2354	2	2353	2355 
2355	2	2354	2356 
2356	2	2355	2357 
2357	2	2356	2358 
2358	2	2357	2359 
2359	2	2358	2360 
2360	2	2359	2361 
2361	2	2360	2362 
2362	2	2361	2363 
2363	2	2362	2364 
2364	2	2363	2365 
2365	2	2364	2366 
2366	2	2365	2367 
2367	2	2366	2368 
2368	2	2367	2369 
2369	2	2368	2370 
2370	2	2369	2371 
2371	2	2370	2372 
2372	2	2371	2373 
2373	2	2372	2374 
2374	2	2373	2375 
2375	2	2374	2376 
2376	2	2375	2377 
2377	2	2376	2378 
2378	2	2377	2379 
2379	2	2378	2380 
2380	2	2379	2381 
2381	2	2380	2382 
2382	2	2381	2383 
2383	2	2382	2384 
2384	2	2383	2385 
2385	2	2384	2386 
2386	2	2385	2387 
2387	2	2386	2388 
2388	2	2387	2389 
2389	2	2388	2390 
2390	2	2389	2391 
2391	2	2390	2392 
2392	2	2391	2393 
2393	2	2392	2394 
2394	2	2393	2395 
2395	2	2394	2396 
2396	2	2395	2397 
2397	2	2396	2398 
2398	2	2397	2399 
2399	2	2398	2400 
2400	2	2399	2401 
2401	2	2400	2402 
2402	2	2401	2403 
2403	2	2402	2404 
2404	2	2403	2405 
2405	2	2404	2406 
2406	2	2405	2407 
2407	2	2406	2408 
2408	2	2407	2409 
2409	2	2408	2410 
2410	2	2409	2411 
2411	2	2410	2412 
2412	2	2411	2413 
2413	2	2412	2414 
2414	2	2413	2415 
2415	2	2414	2416 
2416	2	2415	2417 
2417	2	2416	2418 
2418	2	2417	2419 
2419	2	2418	2420 
2420	2	2419	2421 
2421	2	2420	2422 
2422	2	2421	2423 
2423	2	2422	2424 
2424	2	2423	2425 
2425	2	2424	2426 
2426	2	2425	2427 
2427	2	2426	2428 
2428	2	2427	2429 
2429	2	2428	2430 
2430	2	2429	2431 
2431	2	2430	2432 
2432	2	2431	2433 
2433	2	2432	2434 
2434	2	2433	2435 
2435	2	2434	2436 
2436	2	2435	2437 
2437	2	2436	2438 
2438	2	2437	2439 
2439	2	2438	2440 
2440	2	2439	2441 
2441	2	2440	2442 
2442	2	2441	2443 
2443	2	2442	2444 
2444	2	2443	2445 
2445	2	2444	2446 
2446	2	2445	2447 
2447	2	2446	2448 
2448	2	2447	2449 
2449	2	2448	2450 
2450	2	2449	2451 
2451	2	2450	2452 
2452	2	2451	2453 
2453	2	2452	2454 
2454	2	2453	2455 
2455	2	2454	2456 
2456	2	2455	2457 
2457	2	2456	2458 
2458	2	2457	2459 
2459	2	2458	2460 
2460	2	2459	2461 
2461	2	2460	2462 
2462	2	2461	2463 
2463	2	2462	2464 
2464	2	2463	2465 
2465	2	2464	2466 
2466	2	2465	2467 
2467	2	2466	2468 
2468	2	2467	2469 
2469	2	2468	2470 
2470	2	2469	2471 
2471	2	2470	2472 
2472	2	2471	2473 
2473	2	2472	2474 
2474	2	2473	2475 
2475	2	2474	2476 
2476	2	2475	2477 
2477	2	2476	2478 
2478	2	2477	2479 
2479	2	2478	2480 
2480	2	2479	2481 
2481	2	2480	2482 
2482	2	2481	2483 
2483	2	2482	2484 
2484	2	2483	2485 
2485	2	2484	2486 
2486	2	2485	2487 
2487	2	2486	2488 
2488	2	2487	2489 
2489	2	2488	2490 
2490	2	2489	2491 
2491	2	2490	2492 
2492	2	2491	2493 
2493	2	2492	2494 
2494	2	2493	2495 
2495	2	2494	2496 
2496	2	2495	2497 
2497	2	2496	2498 
2498	2	2497	2499 
2499	2	2498	2500 
2500	2	2499	2501 
2501	2	2500	2502 
2502	2	2501	2503 
2503	2	2502	2504 
2504	2	2503	2505 
2505	2	2504	2506 
2506	2	2505	2507 
2507	2	2506	2508 
2508	2	2507	2509 
2509	2	2508	2510 
2510	2	2509	2511 
2511	2	2510	2512 
2512	2	2511	2513 
2513	2	2512	2514 
2514	2	2513	2515 
2515	2	2514	2516 
2516	2	2515	2517 
2517	2	2516	2518 
2518	2	2517	2519 
2519	2	2518	2520 
2520	2	2519	2521 
2521	2	2520	2522 
2522	2	2521	2523 
2523	2	2522	2524 
2524	2	2523	2525 
2525	2	2524	2526 
2526	2	2525	2527 
2527	2	2526	2528 
2528	2	2527	2529 
2529	2	2528	2530 
2530	2	2529	2531 
2531	2	2530	2532 
2532	2	2531	2533 
2533	2	2532	2534 
2534	2	2533	2535 
2535	2	2534	2536 
2536	2	2535	2537 
2537	2	2536	2538 
2538	2	2537	2539 
2539	2	2538	2540 
2540	2	2539	2541 
2541	2	2540	2542 
2542	2	2541	2543 
2543	2	2542	2544 
2544	2	2543	2545 
2545	2	2544	2546 
2546	2	2545	2547 
2547	2	2546	2548 
2548	2	2547	2549 
2549	2	2548	2550 
2550	2	2549	2551 
2551	2	2550	2552 
2552	2	2551	2553 
2553	2	2552	2554 
2554	2	2553	2555 
2555	2	2554	2556 
2556	2	2555	2557 
2557	2	2556	2558 
2558	2	2557	2559 
2559	2	2558	2560 
2560	2	2559	2561 
2561	2	2560	2562 
2562	2	2561	2563 
2563	2	2562	2564 
2564	2	2563	2565 
2565	2	2564	2566 
2566	2	2565	2567 
2567	2	2566	2568 
2568	2	2567	2569 
2569	2	2568	2570 
2570	2	2569	2571 
2571	2	2570	2572 
2572	2	2571	2573 
2573	2	2572	2574 
2574	2	2573	2575 
2575	2	2574	2576 
2576	2	2575	2577 
2577	2	2576	2578 
2578	2	2577	2579 
2579	2	2578	2580 
2580	2	2579	2581 
2581	2	2580	2582 
2582	2	2581	2583 
2583	2	2582	2584 
2584	2	2583	2585 
2585	2	2584	2586 
2586	2	2585	2587 
2587	2	2586	2588 
2588	2	2587	2589 
2589	2	2588	2590 
2590	2	2589	2591 
2591	2	2590	2592 
2592	2	2591	2593 
2593	2	2592	2594 
2594	2	2593	2595 
2595	2	2594	2596 
2596	2	2595	2597 
2597	2	2596	2598 
2598	2	2597	2599 
2599	2	2598	2600 
2600	2	2599	2601 
2601	2	2600	2602 
2602	2	2601	2603 
2603	2	2602	2604 
2604	2	2603	2605 
2605	2	2604	2606 
2606	2	2605	2607 
2607	2	2606	2608 
2608	2	2607	2609 
2609	2	2608	2610 
2610	2	2609	2611 
2611	2	2610	2612 
2612	2	2611	2613 
2613	2	2612	2614 
2614	2	2613	2615 
2615	2	2614	2616 
2616	2	2615	2617 
2617	2	2616	2618 
2618	2	2617	2619 
2619	2	2618	2620 
2620	2	2619	2621 
2621	2	2620	2622 
2622	2	2621	2623 
2623	2	2622	2624 
2624	2	2623	2625 
2625	2	2624	2626 
2626	2	2625	2627 
2627	2	2626	2628 
2628	2	2627	2629 
2629	2	2628	2630 
2630	2	2629	2631 
2631	2	2630	2632 
2632	2	2631	2633 
2633	2	2632	2634 
2634	2	2633	2635 
2635	2	2634	2636 
2636	2	2635	2637 
2637	2	2636	2638 
2638	2	2637	2639 
2639	2	2638	2640 
2640	2	2639	2641 
2641	2	2640	2642 
2642	2	2641	2643 
2643	2	2642	2644 
2644	2	2643	2645 
2645	2	2644	2646 
2646	2	2645	2647 
2647	2	2646	2648 
2648	2	2647	2649 
2649	2	2648	2650 
2650	2	2649	2651 
2651	2	2650	2652 
2652	2	2651	2653 
2653	2	2652	2654 
2654	2	2653	2655 
2655	2	2654	2656 
2656	2	2655	2657 
2657	2	2656	2658 
2658	2	2657	2659 
2659	2	2658	2660 
2660	2	2659	2661 
2661	2	2660	2662 
2662	2	2661	2663 
2663	2	2662	2664 
2664	2	2663	2665 
2665	2	2664	2666 
2666	2	2665	2667 
2667	2	2666	2668 
2668	2	2667	2669 
2669	2	2668	2670 
2670	2	2669	2671 
2671	2	2670	2672 
2672	2	2671	2673 
2673	2	2672	2674 
2674	2	2673	2675 
2675	2	2674	2676 
2676	2	2675	2677 
2677	2	2676	2678 
2678	2	2677	2679 
2679	2	2678	2680 
2680	2	2679	2681 
2681	2	2680	2682 
2682	2	2681	2683 
2683	2	2682	2684 
2684	2	2683	2685 
2685	2	2684	2686 
2686	2	2685	2687 
2687	2	2686	2688 
2688	2	2687	2689 
2689	2	2688	2690 
2690	2	2689	2691 
2691	2	2690	2692 
2692	2	2691	2693 
2693	2	2692	2694 
2694	2	2693	2695 
2695	2	2694	2696 
2696	2	2695	2697 
2697	2	2696	2698 
2698	2	2697	2699 
2699	2	2698	2700 
2700	2	2699	2701 
2701	2	2700	2702 
2702	2	2701	2703 
2703	2	2702	2704 
2704	2	2703	2705 
2705	2	2704	2706 
2706	2	2705	2707 
2707	2	2706	2708 
2708	2	2707	2709 
2709	2	2708	2710 
2710	2	2709	2711 
2711	2	2710	2712 
2712	2	2711	2713 
2713	2	2712	2714 
2714	2	2713	2715 
2715	2	2714	2716 
2716	2	2715	2717 
2717	2	2716	2718 
2718	2	2717	2719 
2719	2	2718	2720 
2720	2	2719	2721 
2721	2	2720	2722 
2722	2	2721	-1 
2723	2	813	2724 
2724	2	2723	2725 
2725	2	2724	2726 
2726	2	2725	2727 
2727	2	2726	2728 
2728	2	2727	2729 
2729	2	2728	2730 
2730	2	2729	2731 
2731	2	2730	2732 
2732	2	2731	2733 
2733	2	2732	2734 
2734	2	2733	2735 
2735	2	2734	2736 
2736	2	2735	2737 
2737	2	2736	2738 
2738	2	2737	2739 
2739	2	2738	2740 
2740	2	2739	2741 
2741	2	2740	2742 
2742	2	2741	2743 
2743	2	2742	2744 
2744	2	2743	2745 
2745	2	2744	2746 
2746	2	2745	2747 
2747	2	2746	2748 
2748	2	2747	2749 
2749	2	2748	2750 
2750	2	2749	2751 
2751	2	2750	2752 
2752	2	2751	2753 
2753	2	2752	2754 
2754	2	2753	2755 
2755	2	2754	2756 
2756	2	2755	2757 
2757	2	2756	2758 
2758	2	2757	2759 
2759	2	2758	2760 
2760	2	2759	2761 
2761	2	2760	2762 
2762	2	2761	2763 
2763	2	2762	2764 
2764	2	2763	2765 
2765	2	2764	2766 
2766	2	2765	2767 
2767	2	2766	2768 
2768	2	2767	2769 
2769	2	2768	2770 
2770	2	2769	2771 
2771	2	2770	2772 
2772	2	2771	2773 
2773	2	2772	2774 
2774	2	2773	2775 
2775	2	2774	2776 
2776	2	2775	2777 
2777	2	2776	2778 
2778	2	2777	2779 
2779	2	2778	2780 
2780	2	2779	2781 
2781	2	2780	2782 
2782	2	2781	2783 
2783	2	2782	2784 
2784	2	2783	2785 
2785	2	2784	2786 
2786	2	2785	2787 
2787	2	2786	2788 
2788	2	2787	2789 
2789	2	2788	2790 
2790	2	2789	2791 
2791	2	2790	2792 
2792	2	2791	2793 
2793	2	2792	2794 
2794	2	2793	2795 
2795	2	2794	2796 
2796	2	2795	2797 
2797	2	2796	2798 
2798	2	2797	2799 
2799	2	2798	2800 
2800	2	2799	2801 
2801	2	2800	2802 
2802	2	2801	2803 
2803	2	2802	2804 
2804	2	2803	2805 
2805	2	2804	2806 
2806	2	2805	2807 
2807	2	2806	2808 
2808	2	2807	2809 
2809	2	2808	2810 
2810	2	2809	2811 
2811	2	2810	2812 
2812	2	2811	2813 
2813	2	2812	2814 
2814	2	2813	2815 
2815	2	2814	2816 
2816	2	2815	2817 
2817	2	2816	2818 
2818	2	2817	2819 
2819	2	2818	2820 
2820	2	2819	2821 
2821	2	2820	2822 
2822	2	2821	2823 
2823	2	2822	2824 
2824	2	2823	2825 
2825	2	2824	2826 
2826	2	2825	2827 
2827	2	2826	2828 
2828	2	2827	2829 
2829	2	2828	2830 
2830	2	2829	2831 
2831	2	2830	2832 
2832	2	2831	2833 
2833	2	2832	2834 
2834	2	2833	2835 
2835	2	2834	2836 
2836	2	2835	2837 
2837	2	2836	2838 
2838	2	2837	2839 
2839	2	2838	2840 
2840	2	2839	2841 
2841	2	2840	2842 
2842	2	2841	2843 
2843	2	2842	2844 
2844	2	2843	2845 
2845	2	2844	2846 
2846	2	2845	2847 
2847	2	2846	2848 
2848	2	2847	2849 
2849	2	2848	2850 
2850	2	2849	2851 
2851	2	2850	2852 
2852	2	2851	2853 
2853	2	2852	2854 
2854	2	2853	2855 
2855	2	2854	2856 
2856	2	2855	2857 
2857	2	2856	2858 
2858	2	2857	2859 
2859	2	2858	2860 
2860	2	2859	2861 
2861	2	2860	2862 
2862	2	2861	2863 
2863	2	2862	2864 
2864	2	2863	2865 
2865	2	2864	2866 
2866	2	2865	2867 
2867	2	2866	2868 
2868	2	2867	2869 
2869	2	2868	2870 
2870	2	2869	2871 
2871	2	2870	2872 
2872	2	2871	2873 
2873	2	2872	2874 
2874	2	2873	2875 
2875	2	2874	2876 
2876	2	2875	2877 
2877	2	2876	2878 
2878	2	2877	2879 
2879	2	2878	2880 
2880	2	2879	2881 
2881	2	2880	2882 
2882	2	2881	2883 
2883	2	2882	2884 
2884	2	2883	2885 
2885	2	2884	2886 
2886	2	2885	2887 
2887	2	2886	2888 
2888	2	2887	2889 
2889	2	2888	2890 
2890	2	2889	2891 
2891	2	2890	2892 
2892	2	2891	2893 
2893	2	2892	2894 
2894	2	2893	2895 
2895	2	2894	2896 
2896	2	2895	2897 
2897	2	2896	2898 
2898	2	2897	2899 
2899	2	2898	2900 
2900	2	2899	2901 
2901	2	2900	2902 
2902	2	2901	2903 
2903	2	2902	2904 
2904	2	2903	2905 
2905	2	2904	2906 
2906	2	2905	2907 
2907	2	2906	2908 
2908	2	2907	2909 
2909	2	2908	2910 
2910	2	2909	2911 
2911	2	2910	2912 
2912	2	2911	2913 
2913	2	2912	2914 
2914	2	2913	2915 
2915	2	2914	2916 
2916	2	2915	2917 
2917	2	2916	2918 
2918	2	2917	2919 
2919	2	2918	2920 
2920	2	2919	2921 
2921	2	2920	2922 
2922	2	2921	2923 
2923	2	2922	2924 
2924	2	2923	2925 
2925	2	2924	2926 
2926	2	2925	2927 
2927	2	2926	2928 
2928	2	2927	2929 
2929	2	2928	2930 
2930	2	2929	2931 
2931	2	2930	2932 
2932	2	2931	2933 
2933	2	2932	2934 
2934	2	2933	2935 
2935	2	2934	2936 
2936	2	2935	2937 
2937	2	2936	2938 
2938	2	2937	2939 
2939	2	2938	2940 
2940	2	2939	2941 
2941	2	2940	2942 
2942	2	2941	2943 
2943	2	2942	2944 
2944	2	2943	2945 
2945	2	2944	2946 
2946	2	2945	2947 
2947	2	2946	2948 
2948	2	2947	2949 
2949	2	2948	2950 
2950	2	2949	2951 
2951	2	2950	2952 
2952	2	2951	2953 
2953	2	2952	2954 
2954	2	2953	2955 
2955	2	2954	2956 
2956	2	2955	2957 
2957	2	2956	2958 
2958	2	2957	2959 
2959	2	2958	2960 
2960	2	2959	2961 
2961	2	2960	2962 
2962	2	2961	2963 
2963	2	2962	2964 
2964	2	2963	2965 
2965	2	2964	2966 
2966	2	2965	2967 
2967	2	2966	2968 
2968	2	2967	2969 
2969	2	2968	2970 
2970	2	2969	2971 
2971	2	2970	2972 
2972	2	2971	2973 
2973	2	2972	2974 
2974	2	2973	2975 
2975	2	2974	2976 
2976	2	2975	2977 
2977	2	2976	2978 
2978	2	2977	2979 
2979	2	2978	2980 
2980	2	2979	2981 
2981	2	2980	2982 
2982	2	2981	2983 
2983	2	2982	2984 
2984	2	2983	2985 
2985	2	2984	2986 
2986	2	2985	2987 
2987	2	2986	2988 
2988	2	2987	2989 
2989	2	2988	2990 
2990	2	2989	2991 
2991	2	2990	2992 
2992	2	2991	2993 
2993	2	2992	2994 
2994	2	2993	2995 
2995	2	2994	2996 
2996	2	2995	2997 
2997	2	2996	2998 
2998	2	2997	2999 
2999	2	2998	3000 
3000	2	2999	3001 
3001	2	3000	3002 
3002	2	3001	3003 
3003	2	3002	3004 
3004	2	3003	3005 
3005	2	3004	3006 
3006	2	3005	3007 
3007	2	3006	3008 
3008	2	3007	3009 
3009	2	3008	3010 
3010	2	3009	3011 
3011	2	3010	3012 
3012	2	3011	3013 
3013	2	3012	3014 
3014	2	3013	3015 
3015	2	3014	3016 
3016	2	3015	3017 
3017	2	3016	3018 
3018	2	3017	3019 
3019	2	3018	3020 
3020	2	3019	3021 
3021	2	3020	3022 
3022	2	3021	3023 
3023	2	3022	3024 
3024	2	3023	3025 
3025	2	3024	3026 
3026	2	3025	3027 
3027	2	3026	3028 
3028	2	3027	3029 
3029	2	3028	3030 
3030	2	3029	3031 
3031	2	3030	3032 
3032	2	3031	3033 
3033	2	3032	3034 
3034	2	3033	3035 
3035	2	3034	3036 
3036	2	3035	3037 
3037	2	3036	3038 
3038	2	3037	3039 
3039	2	3038	3040 
3040	2	3039	3041 
3041	2	3040	3042 
3042	2	3041	3043 
3043	2	3042	3044 
3044	2	3043	3045 
3045	2	3044	3046 
3046	2	3045	3047 
3047	2	3046	3048 
3048	2	3047	3049 
3049	2	3048	3050 
3050	2	3049	3051 
3051	2	3050	3052 
3052	2	3051	3053 
3053	2	3052	3054 
3054	2	3053	3055 
3055	2	3054	3056 
3056	2	3055	3057 
3057	2	3056	3058 
3058	2	3057	3059 
3059	2	3058	3060 
3060	2	3059	3061 
3061	2	3060	3062 
3062	2	3061	3063 
3063	2	3062	3064 
3064	2	3063	3065 
3065	2	3064	3066 
3066	2	3065	3067 
3067	2	3066	3068 
3068	2	3067	3069 
3069	2	3068	3070 
3070	2	3069	3071 
3071	2	3070	3072 
3072	2	3071	3073 
3073	2	3072	3074 
3074	2	3073	3075 
3075	2	3074	3076 
3076	2	3075	3077 
3077	2	3076	3078 
3078	2	3077	3079 
3079	2	3078	3080 
3080	2	3079	3081 
3081	2	3080	3082 
3082	2	3081	3083 
3083	2	3082	3084 
3084	2	3083	3085 
3085	2	3084	3086 
3086	2	3085	3087 
3087	2	3086	3088 
3088	2	3087	3089 
3089	2	3088	3090 
3090	2	3089	3091 
3091	2	3090	3092 
3092	2	3091	3093 
3093	2	3092	3094 
3094	2	3093	3095 
3095	2	3094	3096 
3096	2	3095	3097 
3097	2	3096	3098 
3098	2	3097	3099 
3099	2	3098	3100 
3100	2	3099	3101 
3101	2	3100	3102 
3102	2	3101	3103 
3103	2	3102	3104 
3104	2	3103	3105 
3105	2	3104	3106 
3106	2	3105	3107 
3107	2	3106	3108 
3108	2	3107	3109 
3109	2	3108	3110 
3110	2	3109	3111 
3111	2	3110	3112 
3112	2	3111	3113 
3113	2	3112	3114 
3114	2	3113	3115 
3115	2	3114	3116 
3116	2	3115	3117 
3117	2	3116	3118 
3118	2	3117	3119 
3119	2	3118	3120 
3120	2	3119	3121 
3121	2	3120	3122 
3122	2	3121	3123 
3123	2	3122	3124 
3124	2	3123	3125 
3125	2	3124	3126 
3126	2	3125	3127 
3127	2	3126	3128 
3128	2	3127	3129 
3129	2	3128	3130 
3130	2	3129	3131 
3131	2	3130	3132 
3132	2	3131	-1 
3133	2	900	3134 
3134	2	3133	3135 
3135	2	3134	3136 
3136	2	3135	3137 
3137	2	3136	3138 
3138	2	3137	3139 
3139	2	3138	3140 
3140	2	3139	3141 
3141	2	3140	3142 
3142	2	3141	3143 
3143	2	3142	3144 
3144	2	3143	3145 
3145	2	3144	3146 
3146	2	3145	3147 
3147	2	3146	3148 
3148	2	3147	3149 
3149	2	3148	3150 
3150	2	3149	3151 
3151	2	3150	3152 
3152	2	3151	3153 
3153	2	3152	3154 
3154	2	3153	3155 
3155	2	3154	3156 
3156	2	3155	3157 
3157	2	3156	3158 
3158	2	3157	3159 
3159	2	3158	-1 
3160	2	1798	3161 
3161	2	3160	3162 
3162	2	3161	3163 
3163	2	3162	3164 
3164	2	3163	3165 
3165	2	3164	3166 
3166	2	3165	3167 
3167	2	3166	3168 
3168	2	3167	3169 
3169	2	3168	3170 
3170	2	3169	3171 
3171	2	3170	3172 
3172	2	3171	3173 
3173	2	3172	3174 
3174	2	3173	3175 
3175	2	3174	3176 
3176	2	3175	3177 
3177	2	3176	3178 
3178	2	3177	3179 
3179	2	3178	3180 
3180	2	3179	3181 
3181	2	3180	3182 
3182	2	3181	3183 
3183	2	3182	3184 
3184	2	3183	3185 
3185	2	3184	3186 
3186	2	3185	3187 
3187	2	3186	3188 
3188	2	3187	3189 
3189	2	3188	3190 
3190	2	3189	3191 
3191	2	3190	3192 
3192	2	3191	3193 
3193	2	3192	3194 
3194	2	3193	3195 
3195	2	3194	3196 
3196	2	3195	3197 
3197	2	3196	3198 
3198	2	3197	3199 
3199	2	3198	3200 
3200	2	3199	3201 
3201	2	3200	3202 
3202	2	3201	3203 
3203	2	3202	3204 
3204	2	3203	3205 
3205	2	3204	3206 
3206	2	3205	3207 
3207	2	3206	3208 
3208	2	3207	3209 
3209	2	3208	3210 
3210	2	3209	3211 
3211	2	3210	3212 
3212	2	3211	3213 
3213	2	3212	3214 
3214	2	3213	3215 
3215	2	3214	3216 
3216	2	3215	3217 
3217	2	3216	3218 
3218	2	3217	3219 
3219	2	3218	3220 
3220	2	3219	3221 
3221	2	3220	3222 
3222	2	3221	3223 
3223	2	3222	3224 
3224	2	3223	3225 
3225	2	3224	3226 
3226	2	3225	3227 
3227	2	3226	3228 
3228	2	3227	3229 
3229	2	3228	3230 
3230	2	3229	3231 
3231	2	3230	3232 
3232	2	3231	3233 
3233	2	3232	3234 
3234	2	3233	3235 
3235	2	3234	3236 
3236	2	3235	3237 
3237	2	3236	3238 
3238	2	3237	3239 
3239	2	3238	3240 
3240	2	3239	3241 
3241	2	3240	3242 
3242	2	3241	3243 
3243	2	3242	3244 
3244	2	3243	3245 
3245	2	3244	3246 
3246	2	3245	-1 
3247	2	2294	3248 
3248	2	3247	3249 
3249	2	3248	3250 
3250	2	3249	3251 
3251	2	3250	3252 
3252	2	3251	3253 
3253	2	3252	3254 
3254	2	3253	3255 
3255	2	3254	3256 
3256	2	3255	3257 
3257	2	3256	3258 
3258	2	3257	3259 
3259	2	3258	3260 
3260	2	3259	3261 
3261	2	3260	3262 
3262	2	3261	3263 
3263	2	3262	3264 
3264	2	3263	3265 
3265	2	3264	3266 
3266	2	3265	3267 
3267	2	3266	3268 
3268	2	3267	3269 
3269	2	3268	3270 
3270	2	3269	3271 
3271	2	3270	3272 
3272	2	3271	3273 
3273	2	3272	3274 
3274	2	3273	3275 
3275	2	3274	3276 
3276	2	3275	3277 
3277	2	3276	3278 
3278	2	3277	3279 
3279	2	3278	3280 
3280	2	3279	3281 
3281	2	3280	3282 
3282	2	3281	3283 
3283	2	3282	3284 
3284	2	3283	3285 
3285	2	3284	3286 
3286	2	3285	3287 
3287	2	3286	3288 
3288	2	3287	3289 
3289	2	3288	3290 
3290	2	3289	3291 
3291	2	3290	3292 
3292	2	3291	3293 
3293	2	3292	3294 
3294	2	3293	3295 
3295	2	3294	3296 
3296	2	3295	3297 
3297	2	3296	3298 
3298	2	3297	3299 
3299	2	3298	3300 
3300	2	3299	3301 
3301	2	3300	3302 
3302	2	3301	3303 
3303	2	3302	3304 
3304	2	3303	3305 
3305	2	3304	3306 
3306	2	3305	3307 
3307	2	3306	3308 
3308	2	3307	3309 
3309	2	3308	3310 
3310	2	3309	3311 
3311	2	3310	3312 
3312	2	3311	3313 
3313	2	3312	3314 
3314	2	3313	3315 
3315	2	3314	3316 
3316	2	3315	3317 
3317	2	3316	3318 
3318	2	3317	3319 
3319	2	3318	3320 
3320	2	3319	3321 
3321	2	3320	3322 
3322	2	3321	3323 
3323	2	3322	3324 
3324	2	3323	3325 
3325	2	3324	3326 
3326	2	3325	3327 
3327	2	3326	3328 
3328	2	3327	3329 
3329	2	3328	3330 
3330	2	3329	3331 
3331	2	3330	3332 
3332	2	3331	3333 
3333	2	3332	3334 
3334	2	3333	3335 
3335	2	3334	3336 
3336	2	3335	3337 
3337	2	3336	3338 
3338	2	3337	3339 
3339	2	3338	3340 
3340	2	3339	3341 
3341	2	3340	3342 
3342	2	3341	3343 
3343	2	3342	3344 
3344	2	3343	3345 
3345	2	3344	3346 
3346	2	3345	3347 
3347	2	3346	3348 
3348	2	3347	3349 
3349	2	3348	3350 
3350	2	3349	3351 
3351	2	3350	3352 
3352	2	3351	3353 
3353	2	3352	3354 
3354	2	3353	3355 
3355	2	3354	3356 
3356	2	3355	3357 
3357	2	3356	3358 
3358	2	3357	3359 
3359	2	3358	3360 
3360	2	3359	3361 
3361	2	3360	3362 
3362	2	3361	3363 
3363	2	3362	3364 
3364	2	3363	3365 
3365	2	3364	3366 
3366	2	3365	3367 
3367	2	3366	3368 
3368	2	3367	3369 
3369	2	3368	3370 
3370	2	3369	3371 
3371	2	3370	3372 
3372	2	3371	3373 
3373	2	3372	3374 
3374	2	3373	3375 
3375	2	3374	3376 
3376	2	3375	3377 
3377	2	3376	3378 
3378	2	3377	3379 
3379	2	3378	3380 
3380	2	3379	3381 
3381	2	3380	3382 
3382	2	3381	3383 
3383	2	3382	3384 
3384	2	3383	3385 
3385	2	3384	3386 
3386	2	3385	3387 
3387	2	3386	3388 
3388	2	3387	3389 
3389	2	3388	3390 
3390	2	3389	3391 
3391	2	3390	3392 
3392	2	3391	3393 
3393	2	3392	3394 
3394	2	3393	3395 
3395	2	3394	3396 
3396	2	3395	3397 
3397	2	3396	3398 
3398	2	3397	3399 
3399	2	3398	3400 
3400	2	3399	3401 
3401	2	3400	3402 
3402	2	3401	3403 
3403	2	3402	3404 
3404	2	3403	3405 
3405	2	3404	3406 
3406	2	3405	3407 
3407	2	3406	3408 
3408	2	3407	3409 
3409	2	3408	3410 
3410	2	3409	3411 
3411	2	3410	3412 
3412	2	3411	3413 
3413	2	3412	3414 
3414	2	3413	3415 
3415	2	3414	3416 
3416	2	3415	3417 
3417	2	3416	3418 
3418	2	3417	3419 
3419	2	3418	3420 
3420	2	3419	3421 
3421	2	3420	3422 
3422	2	3421	3423 
3423	2	3422	3424 
3424	2	3423	3425 
3425	2	3424	3426 
3426	2	3425	3427 
3427	2	3426	3428 
3428	2	3427	3429 
3429	2	3428	3430 
3430	2	3429	3431 
3431	2	3430	3432 
3432	2	3431	3433 
3433	2	3432	3434 
3434	2	3433	3435 
3435	2	3434	3436 
3436	2	3435	3437 
3437	2	3436	3438 
3438	2	3437	3439 
3439	2	3438	3440 
3440	2	3439	3441 
3441	2	3440	3442 
3442	2	3441	3443 
3443	2	3442	3444 
3444	2	3443	3445 
3445	2	3444	3446 
3446	2	3445	3447 
3447	2	3446	3448 
3448	2	3447	3449 
3449	2	3448	3450 
3450	2	3449	3451 
3451	2	3450	3452 
3452	2	3451	3453 
3453	2	3452	3454 
3454	2	3453	3455 
3455	2	3454	3456 
3456	2	3455	3457 
3457	2	3456	3458 
3458	2	3457	3459 
3459	2	3458	3460 
3460	2	3459	3461 
3461	2	3460	3462 
3462	2	3461	3463 
3463	2	3462	3464 
3464	2	3463	3465 
3465	2	3464	3466 
3466	2	3465	3467 
3467	2	3466	3468 
3468	2	3467	3469 
3469	2	3468	3470 
3470	2	3469	3471 
3471	2	3470	3472 
3472	2	3471	3473 
3473	2	3472	3474 
3474	2	3473	3475 
3475	2	3474	3476 
3476	2	3475	3477 
3477	2	3476	3478 
3478	2	3477	3479 
3479	2	3478	3480 
3480	2	3479	3481 
3481	2	3480	3482 
3482	2	3481	3483 
3483	2	3482	3484 
3484	2	3483	3485 
3485	2	3484	3486 
3486	2	3485	3487 
3487	2	3486	3488 
3488	2	3487	3489 
3489	2	3488	3490 
3490	2	3489	3491 
3491	2	3490	3492 
3492	2	3491	3493 
3493	2	3492	3494 
3494	2	3493	3495 
3495	2	3494	3496 
3496	2	3495	3497 
3497	2	3496	3498 
3498	2	3497	3499 
3499	2	3498	3500 
3500	2	3499	3501 
3501	2	3500	3502 
3502	2	3501	3503 
3503	2	3502	3504 
3504	2	3503	3505 
3505	2	3504	3506 
3506	2	3505	3507 
3507	2	3506	3508 
3508	2	3507	3509 
3509	2	3508	3510 
3510	2	3509	3511 
3511	2	3510	3512 
3512	2	3511	3513 
3513	2	3512	3514 
3514	2	3513	3515 
3515	2	3514	3516 
3516	2	3515	3517 
3517	2	3516	3518 
3518	2	3517	3519 
3519	2	3518	3520 
3520	2	3519	3521 
3521	2	3520	3522 
3522	2	3521	3523 
3523	2	3522	3524 
3524	2	3523	3525 
3525	2	3524	3526 
3526	2	3525	3527 
3527	2	3526	3528 
3528	2	3527	3529 
3529	2	3528	3530 
3530	2	3529	3531 
3531	2	3530	3532 
3532	2	3531	3533 
3533	2	3532	3534 
3534	2	3533	3535 
3535	2	3534	3536 
3536	2	3535	3537 
3537	2	3536	3538 
3538	2	3537	3539 
3539	2	3538	3540 
3540	2	3539	3541 
3541	2	3540	3542 
3542	2	3541	3543 
3543	2	3542	3544 
3544	2	3543	3545 
3545	2	3544	3546 
3546	2	3545	3547 
3547	2	3546	3548 
3548	2	3547	3549 
3549	2	3548	3550 
3550	2	3549	3551 
3551	2	3550	3552 
3552	2	3551	3553 
3553	2	3552	3554 
3554	2	3553	3555 
3555	2	3554	3556 
3556	2	3555	3557 
3557	2	3556	3558 
3558	2	3557	3559 
3559	2	3558	3560 
3560	2	3559	3561 
3561	2	3560	3562 
3562	2	3561	3563 
3563	2	3562	3564 
3564	2	3563	3565 
3565	2	3564	3566 
3566	2	3565	3567 
3567	2	3566	3568 
3568	2	3567	3569 
3569	2	3568	3570 
3570	2	3569	3571 
3571	2	3570	3572 
3572	2	3571	3573 
3573	2	3572	3574 
3574	2	3573	3575 
3575	2	3574	3576 
3576	2	3575	3577 
3577	2	3576	3578 
3578	2	3577	3579 
3579	2	3578	3580 
3580	2	3579	3581 
3581	2	3580	3582 
3582	2	3581	3583 
3583	2	3582	3584 
3584	2	3583	3585 
3585	2	3584	3586 
3586	2	3585	3587 
3587	2	3586	3588 
3588	2	3587	3589 
3589	2	3588	3590 
3590	2	3589	3591 
3591	2	3590	3592 
3592	2	3591	3593 
3593	2	3592	3594 
3594	2	3593	3595 
3595	2	3594	3596 
3596	2	3595	3597 
3597	2	3596	3598 
3598	2	3597	3599 
3599	2	3598	3600 
3600	2	3599	3601 
3601	2	3600	3602 
3602	2	3601	3603 
3603	2	3602	3604 
3604	2	3603	3605 
3605	2	3604	3606 
3606	2	3605	3607 
3607	2	3606	3608 
3608	2	3607	3609 
3609	2	3608	3610 
3610	2	3609	3611 
3611	2	3610	3612 
3612	2	3611	3613 
3613	2	3612	3614 
3614	2	3613	3615 
3615	2	3614	3616 
3616	2	3615	3617 
3617	2	3616	3618 
3618	2	3617	3619 
3619	2	3618	3620 
3620	2	3619	3621 
3621	2	3620	3622 
3622	2	3621	3623 
3623	2	3622	3624 
3624	2	3623	3625 
3625	2	3624	3626 
3626	2	3625	3627 
3627	2	3626	3628 
3628	2	3627	3629 
3629	2	3628	3630 
3630	2	3629	3631 
3631	2	3630	3632 
3632	2	3631	3633 
3633	2	3632	3634 
3634	2	3633	3635 
3635	2	3634	3636 
3636	2	3635	3637 
3637	2	3636	3638 
3638	2	3637	3639 
3639	2	3638	3640 
3640	2	3639	3641 
3641	2	3640	3642 
3642	2	3641	3643 
3643	2	3642	3644 
3644	2	3643	3645 
3645	2	3644	3646 
3646	2	3645	3647 
3647	2	3646	3648 
3648	2	3647	3649 
3649	2	3648	3650 
3650	2	3649	3651 
3651	2	3650	3652 
3652	2	3651	3653 
3653	2	3652	3654 
3654	2	3653	3655 
3655	2	3654	3656 
3656	2	3655	3657 
3657	2	3656	3658 
3658	2	3657	3659 
3659	2	3658	3660 
3660	2	3659	3661 
3661	2	3660	3662 
3662	2	3661	3663 
3663	2	3662	3664 
3664	2	3663	3665 
3665	2	3664	3666 
3666	2	3665	3667 
3667	2	3666	3668 
3668	2	3667	3669 
3669	2	3668	3670 
3670	2	3669	3671 
3671	2	3670	3672 
3672	2	3671	3673 
3673	2	3672	3674 
3674	2	3673	3675 
3675	2	3674	3676 
3676	2	3675	3677 
3677	2	3676	3678 
3678	2	3677	3679 
3679	2	3678	3680 
3680	2	3679	3681 
3681	2	3680	3682 
3682	2	3681	3683 
3683	2	3682	3684 
3684	2	3683	3685 
3685	2	3684	3686 
3686	2	3685	3687 
3687	2	3686	3688 
3688	2	3687	3689 
3689	2	3688	3690 
3690	2	3689	3691 
3691	2	3690	3692 
3692	2	3691	3693 
3693	2	3692	3694 
3694	2	3693	3695 
3695	2	3694	3696 
3696	2	3695	3697 
3697	2	3696	3698 
3698	2	3697	3699 
3699	2	3698	3700 
3700	2	3699	3701 
3701	2	3700	3702 
3702	2	3701	3703 
3703	2	3702	3704 
3704	2	3703	3705 
3705	2	3704	3706 
3706	2	3705	3707 
3707	2	3706	3708 
3708	2	3707	3709 
3709	2	3708	3710 
3710	2	3709	3711 
3711	2	3710	3712 
3712	2	3711	3713 
3713	2	3712	3714 
3714	2	3713	3715 
3715	2	3714	3716 
3716	2	3715	3717 
3717	2	3716	3718 
3718	2	3717	3719 
3719	2	3718	3720 
3720	2	3719	3721 
3721	2	3720	3722 
3722	2	3721	3723 
3723	2	3722	3724 
3724	2	3723	3725 
3725	2	3724	3726 
3726	2	3725	3727 
3727	2	3726	3728 
3728	2	3727	3729 
3729	2	3728	3730 
3730	2	3729	3731 
3731	2	3730	3732 
3732	2	3731	3733 
3733	2	3732	3734 
3734	2	3733	3735 
3735	2	3734	3736 
3736	2	3735	3737 
3737	2	3736	3738 
3738	2	3737	3739 
3739	2	3738	3740 
3740	2	3739	3741 
3741	2	3740	3742 
3742	2	3741	3743 
3743	2	3742	3744 
3744	2	3743	3745 
3745	2	3744	3746 
3746	2	3745	3747 
3747	2	3746	3748 
3748	2	3747	3749 
3749	2	3748	3750 
3750	2	3749	3751 
3751	2	3750	3752 
3752	2	3751	3753 
3753	2	3752	3754 
3754	2	3753	3755 
3755	2	3754	3756 
3756	2	3755	3757 
3757	2	3756	3758 
3758	2	3757	3759 
3759	2	3758	3760 
3760	2	3759	3761 
3761	2	3760	3762 
3762	2	3761	3763 
3763	2	3762	3764 
3764	2	3763	3765 
3765	2	3764	3766 
3766	2	3765	3767 
3767	2	3766	3768 
3768	2	3767	3769 
3769	2	3768	3770 
3770	2	3769	3771 
3771	2	3770	3772 
3772	2	3771	3773 
3773	2	3772	3774 
3774	2	3773	3775 
3775	2	3774	3776 
3776	2	3775	3777 
3777	2	3776	3778 
3778	2	3777	3779 
3779	2	3778	3780 
3780	2	3779	3781 
3781	2	3780	3782 
3782	2	3781	3783 
3783	2	3782	3784 
3784	2	3783	3785 
3785	2	3784	3786 
3786	2	3785	3787 
3787	2	3786	3788 
3788	2	3787	3789 
3789	2	3788	3790 
3790	2	3789	3791 
3791	2	3790	3792 
3792	2	3791	3793 
3793	2	3792	3794 
3794	2	3793	3795 
3795	2	3794	3796 
3796	2	3795	3797 
3797	2	3796	3798 
3798	2	3797	3799 
3799	2	3798	3800 
3800	2	3799	3801 
3801	2	3800	3802 
3802	2	3801	3803 
3803	2	3802	3804 
3804	2	3803	3805 
3805	2	3804	3806 
3806	2	3805	3807 
3807	2	3806	3808 
3808	2	3807	3809 
3809	2	3808	3810 
3810	2	3809	3811 
3811	2	3810	3812 
3812	2	3811	3813 
3813	2	3812	3814 
3814	2	3813	3815 
3815	2	3814	3816 
3816	2	3815	3817 
3817	2	3816	3818 
3818	2	3817	3819 
3819	2	3818	3820 
3820	2	3819	3821 
3821	2	3820	3822 
3822	2	3821	3823 
3823	2	3822	3824 
3824	2	3823	3825 
3825	2	3824	3826 
3826	2	3825	3827 
3827	2	3826	3828 
3828	2	3827	3829 
3829	2	3828	3830 
3830	2	3829	3831 
3831	2	3830	3832 
3832	2	3831	3833 
3833	2	3832	3834 
3834	2	3833	3835 
3835	2	3834	3836 
3836	2	3835	3837 
3837	2	3836	3838 
3838	2	3837	3839 
3839	2	3838	3840 
3840	2	3839	3841 
3841	2	3840	3842 
3842	2	3841	3843 
3843	2	3842	3844 
3844	2	3843	3845 
3845	2	3844	3846 
3846	2	3845	3847 
3847	2	3846	3848 
3848	2	3847	3849 
3849	2	3848	3850 
3850	2	3849	3851 
3851	2	3850	3852 
3852	2	3851	3853 
3853	2	3852	3854 
3854	2	3853	3855 
3855	2	3854	3856 
3856	2	3855	3857 
3857	2	3856	3858 
3858	2	3857	3859 
3859	2	3858	3860 
3860	2	3859	3861 
3861	2	3860	3862 
3862	2	3861	3863 
3863	2	3862	3864 
3864	2	3863	3865 
3865	2	3864	3866 
3866	2	3865	3867 
3867	2	3866	3868 
3868	2	3867	3869 
3869	2	3868	3870 
3870	2	3869	3871 
3871	2	3870	3872 
3872	2	3871	3873 
3873	2	3872	3874 
3874	2	3873	3875 
3875	2	3874	3876 
3876	2	3875	3877 
3877	2	3876	3878 
3878	2	3877	3879 
3879	2	3878	3880 
3880	2	3879	3881 
3881	2	3880	3882 
3882	2	3881	3883 
3883	2	3882	3884 
3884	2	3883	3885 
3885	2	3884	3886 
3886	2	3885	3887 
3887	2	3886	3888 
3888	2	3887	3889 
3889	2	3888	3890 
3890	2	3889	3891 
3891	2	3890	3892 
3892	2	3891	3893 
3893	2	3892	3894 
3894	2	3893	3895 
3895	2	3894	3896 
3896	2	3895	3897 
3897	2	3896	3898 
3898	2	3897	3899 
3899	2	3898	3900 
3900	2	3899	3901 
3901	2	3900	3902 
3902	2	3901	3903 
3903	2	3902	3904 
3904	2	3903	3905 
3905	2	3904	3906 
3906	2	3905	3907 
3907	2	3906	3908 
3908	2	3907	3909 
3909	2	3908	3910 
3910	2	3909	3911 
3911	2	3910	3912 
3912	2	3911	3913 
3913	2	3912	3914 
3914	2	3913	3915 
3915	2	3914	3916 
3916	2	3915	3917 
3917	2	3916	3918 
3918	2	3917	3919 
3919	2	3918	3920 
3920	2	3919	3921 
3921	2	3920	3922 
3922	2	3921	3923 
3923	2	3922	3924 
3924	2	3923	3925 
3925	2	3924	3926 
3926	2	3925	3927 
3927	2	3926	3928 
3928	2	3927	3929 
3929	2	3928	3930 
3930	2	3929	3931 
3931	2	3930	3932 
3932	2	3931	3933 
3933	2	3932	3934 
3934	2	3933	3935 
3935	2	3934	3936 
3936	2	3935	3937 
3937	2	3936	3938 
3938	2	3937	3939 
3939	2	3938	3940 
3940	2	3939	3941 
3941	2	3940	3942 
3942	2	3941	3943 
3943	2	3942	3944 
3944	2	3943	3945 
3945	2	3944	3946 
3946	2	3945	3947 
3947	2	3946	3948 
3948	2	3947	3949 
3949	2	3948	3950 
3950	2	3949	3951 
3951	2	3950	3952 
3952	2	3951	3953 
3953	2	3952	3954 
3954	2	3953	3955 
3955	2	3954	3956 
3956	2	3955	3957 
3957	2	3956	3958 
3958	2	3957	3959 
3959	2	3958	3960 
3960	2	3959	3961 
3961	2	3960	3962 
3962	2	3961	3963 
3963	2	3962	3964 
3964	2	3963	3965 
3965	2	3964	3966 
3966	2	3965	3967 
3967	2	3966	3968 
3968	2	3967	3969 
3969	2	3968	3970 
3970	2	3969	3971 
3971	2	3970	3972 
3972	2	3971	3973 
3973	2	3972	3974 
3974	2	3973	3975 
3975	2	3974	3976 
3976	2	3975	3977 
3977	2	3976	3978 
3978	2	3977	3979 
3979	2	3978	3980 
3980	2	3979	3981 
3981	2	3980	3982 
3982	2	3981	3983 
3983	2	3982	3984 
3984	2	3983	3985 
3985	2	3984	3986 
3986	2	3985	3987 
3987	2	3986	3988 
3988	2	3987	3989 
3989	2	3988	3990 
3990	2	3989	3991 
3991	2	3990	3992 
3992	2	3991	3993 
3993	2	3992	3994 
3994	2	3993	3995 
3995	2	3994	3996 
3996	2	3995	3997 
3997	2	3996	3998 
3998	2	3997	3999 
3999	2	3998	4000 
4000	2	3999	4001 
4001	2	4000	4002 
4002	2	4001	4003 
4003	2	4002	4004 
4004	2	4003	4005 
4005	2	4004	4006 
4006	2	4005	4007 
4007	2	4006	4008 
4008	2	4007	4009 
4009	2	4008	4010 
4010	2	4009	4011 
4011	2	4010	4012 
4012	2	4011	4013 
4013	2	4012	4014 
4014	2	4013	4015 
4015	2	4014	4016 
4016	2	4015	4017 
4017	2	4016	4018 
4018	2	4017	4019 
4019	2	4018	4020 
4020	2	4019	4021 
4021	2	4020	4022 
4022	2	4021	4023 
4023	2	4022	4024 
4024	2	4023	4025 
4025	2	4024	4026 
4026	2	4025	4027 
4027	2	4026	4028 
4028	2	4027	4029 
4029	2	4028	4030 
4030	2	4029	4031 
4031	2	4030	4032 
4032	2	4031	4033 
4033	2	4032	4034 
4034	2	4033	4035 
4035	2	4034	4036 
4036	2	4035	4037 
4037	2	4036	4038 
4038	2	4037	4039 
4039	2	4038	4040 
4040	2	4039	4041 
4041	2	4040	4042 
4042	2	4041	4043 
4043	2	4042	4044 
4044	2	4043	4045 
4045	2	4044	4046 
4046	2	4045	4047 
4047	2	4046	4048 
4048	2	4047	4049 
4049	2	4048	4050 
4050	2	4049	4051 
4051	2	4050	4052 
4052	2	4051	4053 
4053	2	4052	4054 
4054	2	4053	4055 
4055	2	4054	4056 
4056	2	4055	4057 
4057	2	4056	4058 
4058	2	4057	4059 
4059	2	4058	4060 
4060	2	4059	4061 
4061	2	4060	4062 
4062	2	4061	4063 
4063	2	4062	4064 
4064	2	4063	4065 
4065	2	4064	4066 
4066	2	4065	4067 
4067	2	4066	4068 
4068	2	4067	4069 
4069	2	4068	4070 
4070	2	4069	4071 
4071	2	4070	4072 
4072	2	4071	4073 
4073	2	4072	4074 
4074	2	4073	4075 
4075	2	4074	4076 
4076	2	4075	4077 
4077	2	4076	4078 
4078	2	4077	4079 
4079	2	4078	4080 
4080	2	4079	4081 
4081	2	4080	4082 
4082	2	4081	4083 
4083	2	4082	4084 
4084	2	4083	4085 
4085	2	4084	4086 
4086	2	4085	4087 
4087	2	4086	4088 
4088	2	4087	4089 
4089	2	4088	4090 
4090	2	4089	4091 
4091	2	4090	4092 
4092	2	4091	4093 
4093	2	4092	4094 
4094	2	4093	4095 
4095	2	4094	4096 
4096	2	4095	4097 
4097	2	4096	4098 
4098	2	4097	4099 
4099	2	4098	4100 
4100	2	4099	4101 
4101	2	4100	4102 
4102	2	4101	4103 
4103	2	4102	4104 
4104	2	4103	4105 
4105	2	4104	4106 
4106	2	4105	4107 
4107	2	4106	4108 
4108	2	4107	4109 
4109	2	4108	4110 
4110	2	4109	4111 
4111	2	4110	4112 
4112	2	4111	4113 
4113	2	4112	4114 
4114	2	4113	4115 
4115	2	4114	4116 
4116	2	4115	4117 
4117	2	4116	4118 
4118	2	4117	4119 
4119	2	4118	4120 
4120	2	4119	4121 
4121	2	4120	4122 
4122	2	4121	4123 
4123	2	4122	4124 
4124	2	4123	4125 
4125	2	4124	4126 
4126	2	4125	4127 
4127	2	4126	4128 
4128	2	4127	4129 
4129	2	4128	4130 
4130	2	4129	4131 
4131	2	4130	4132 
4132	2	4131	4133 
4133	2	4132	4134 
4134	2	4133	4135 
4135	2	4134	4136 
4136	2	4135	4137 
4137	2	4136	4138 
4138	2	4137	4139 
4139	2	4138	4140 
4140	2	4139	4141 
4141	2	4140	4142 
4142	2	4141	4143 
4143	2	4142	4144 
4144	2	4143	4145 
4145	2	4144	4146 
4146	2	4145	4147 
4147	2	4146	4148 
4148	2	4147	4149 
4149	2	4148	4150 
4150	2	4149	4151 
4151	2	4150	4152 
4152	2	4151	4153 
4153	2	4152	4154 
4154	2	4153	4155 
4155	2	4154	4156 
4156	2	4155	4157 
4157	2	4156	4158 
4158	2	4157	4159 
4159	2	4158	4160 
4160	2	4159	4161 
4161	2	4160	4162 
4162	2	4161	4163 
4163	2	4162	4164 
4164	2	4163	4165 
4165	2	4164	4166 
4166	2	4165	4167 
4167	2	4166	4168 
4168	2	4167	4169 
4169	2	4168	4170 
4170	2	4169	4171 
4171	2	4170	4172 
4172	2	4171	4173 
4173	2	4172	4174 
4174	2	4173	4175 
4175	2	4174	4176 
4176	2	4175	4177 
4177	2	4176	4178 
4178	2	4177	4179 
4179	2	4178	4180 
4180	2	4179	4181 
4181	2	4180	4182 
4182	2	4181	4183 
4183	2	4182	4184 
4184	2	4183	4185 
4185	2	4184	4186 
4186	2	4185	4187 
4187	2	4186	4188 
4188	2	4187	4189 
4189	2	4188	4190 
4190	2	4189	4191 
4191	2	4190	4192 
4192	2	4191	4193 
4193	2	4192	4194 
4194	2	4193	4195 
4195	2	4194	4196 
4196	2	4195	4197 
4197	2	4196	4198 
4198	2	4197	4199 
4199	2	4198	4200 
4200	2	4199	4201 
4201	2	4200	4202 
4202	2	4201	4203 
4203	2	4202	4204 
4204	2	4203	4205 
4205	2	4204	4206 
4206	2	4205	4207 
4207	2	4206	4208 
4208	2	4207	4209 
4209	2	4208	4210 
4210	2	4209	4211 
4211	2	4210	4212 
4212	2	4211	4213 
4213	2	4212	4214 
4214	2	4213	4215 
4215	2	4214	4216 
4216	2	4215	4217 
4217	2	4216	4218 
4218	2	4217	4219 
4219	2	4218	4220 
4220	2	4219	4221 
4221	2	4220	4222 
4222	2	4221	4223 
4223	2	4222	4224 
4224	2	4223	4225 
4225	2	4224	4226 
4226	2	4225	4227 
4227	2	4226	4228 
4228	2	4227	4229 
4229	2	4228	4230 
4230	2	4229	4231 
4231	2	4230	4232 
4232	2	4231	4233 
4233	2	4232	4234 
4234	2	4233	4235 
4235	2	4234	4236 
4236	2	4235	4237 
4237	2	4236	4238 
4238	2	4237	4239 
4239	2	4238	4240 
4240	2	4239	4241 
4241	2	4240	4242 
4242	2	4241	4243 
4243	2	4242	4244 
4244	2	4243	4245 
4245	2	4244	4246 
4246	2	4245	4247 
4247	2	4246	4248 
4248	2	4247	4249 
4249	2	4248	4250 
4250	2	4249	4251 
4251	2	4250	4252 
4252	2	4251	4253 
4253	2	4252	4254 
4254	2	4253	4255 
4255	2	4254	4256 
4256	2	4255	4257 
4257	2	4256	4258 
4258	2	4257	4259 
4259	2	4258	4260 
4260	2	4259	4261 
4261	2	4260	4262 
4262	2	4261	4263 
4263	2	4262	4264 
4264	2	4263	4265 
4265	2	4264	4266 
4266	2	4265	4267 
4267	2	4266	4268 
4268	2	4267	4269 
4269	2	4268	4270 
4270	2	4269	4271 
4271	2	4270	4272 
4272	2	4271	4273 
4273	2	4272	4274 
4274	2	4273	4275 
4275	2	4274	4276 
4276	2	4275	4277 
4277	2	4276	4278 
4278	2	4277	4279 
4279	2	4278	4280 
4280	2	4279	4281 
4281	2	4280	4282 
4282	2	4281	4283 
4283	2	4282	4284 
4284	2	4283	4285 
4285	2	4284	4286 
4286	2	4285	4287 
4287	2	4286	4288 
4288	2	4287	4289 
4289	2	4288	4290 
4290	2	4289	4291 
4291	2	4290	4292 
4292	2	4291	4293 
4293	2	4292	4294 
4294	2	4293	4295 
4295	2	4294	4296 
4296	2	4295	4297 
4297	2	4296	4298 
4298	2	4297	4299 
4299	2	4298	4300 
4300	2	4299	4301 
4301	2	4300	4302 
4302	2	4301	4303 
4303	2	4302	4304 
4304	2	4303	4305 
4305	2	4304	4306 
4306	2	4305	4307 
4307	2	4306	4308 
4308	2	4307	4309 
4309	2	4308	4310 
4310	2	4309	4311 
4311	2	4310	4312 
4312	2	4311	4313 
4313	2	4312	4314 
4314	2	4313	4315 
4315	2	4314	4316 
4316	2	4315	4317 
4317	2	4316	4318 
4318	2	4317	4319 
4319	2	4318	4320 
4320	2	4319	4321 
4321	2	4320	4322 
4322	2	4321	4323 
4323	2	4322	4324 
4324	2	4323	4325 
4325	2	4324	4326 
4326	2	4325	4327 
4327	2	4326	4328 
4328	2	4327	4329 
4329	2	4328	4330 
4330	2	4329	4331 
4331	2	4330	4332 
4332	2	4331	4333 
4333	2	4332	4334 
4334	2	4333	4335 
4335	2	4334	4336 
4336	2	4335	4337 
4337	2	4336	4338 
4338	2	4337	4339 
4339	2	4338	4340 
4340	2	4339	4341 
4341	2	4340	4342 
4342	2	4341	4343 
4343	2	4342	4344 
4344	2	4343	4345 
4345	2	4344	4346 
4346	2	4345	4347 
4347	2	4346	4348 
4348	2	4347	4349 
4349	2	4348	4350 
4350	2	4349	4351 
4351	2	4350	4352 
4352	2	4351	4353 
4353	2	4352	4354 
4354	2	4353	4355 
4355	2	4354	4356 
4356	2	4355	4357 
4357	2	4356	4358 
4358	2	4357	4359 
4359	2	4358	4360 
4360	2	4359	4361 
4361	2	4360	4362 
4362	2	4361	4363 
4363	2	4362	4364 
4364	2	4363	4365 
4365	2	4364	4366 
4366	2	4365	4367 
4367	2	4366	4368 
4368	2	4367	4369 
4369	2	4368	4370 
4370	2	4369	4371 
4371	2	4370	-1 
4372	2	2294	4373 
4373	2	4372	4374 
4374	2	4373	4375 
4375	2	4374	4376 
4376	2	4375	4377 
4377	2	4376	4378 
4378	2	4377	4379 
4379	2	4378	4380 
4380	2	4379	4381 
4381	2	4380	4382 
4382	2	4381	4383 
4383	2	4382	4384 
4384	2	4383	4385 
4385	2	4384	4386 
4386	2	4385	4387 
4387	2	4386	4388 
4388	2	4387	4389 
4389	2	4388	4390 
4390	2	4389	4391 
4391	2	4390	4392 
4392	2	4391	4393 
4393	2	4392	4394 
4394	2	4393	4395 
4395	2	4394	4396 
4396	2	4395	4397 
4397	2	4396	4398 
4398	2	4397	4399 
4399	2	4398	4400 
4400	2	4399	4401 
4401	2	4400	4402 
4402	2	4401	4403 
4403	2	4402	4404 
4404	2	4403	4405 
4405	2	4404	4406 
4406	2	4405	4407 
4407	2	4406	4408 
4408	2	4407	4409 
4409	2	4408	4410 
4410	2	4409	4411 
4411	2	4410	4412 
4412	2	4411	4413 
4413	2	4412	4414 
4414	2	4413	4415 
4415	2	4414	4416 
4416	2	4415	4417 
4417	2	4416	4418 
4418	2	4417	4419 
4419	2	4418	4420 
4420	2	4419	4421 
4421	2	4420	4422 
4422	2	4421	4423 
4423	2	4422	4424 
4424	2	4423	4425 
4425	2	4424	4426 
4426	2	4425	4427 
4427	2	4426	4428 
4428	2	4427	4429 
4429	2	4428	4430 
4430	2	4429	4431 
4431	2	4430	4432 
4432	2	4431	4433 
4433	2	4432	4434 
4434	2	4433	4435 
4435	2	4434	4436 
4436	2	4435	4437 
4437	2	4436	4438 
4438	2	4437	4439 
4439	2	4438	4440 
4440	2	4439	4441 
4441	2	4440	4442 
4442	2	4441	4443 
4443	2	4442	4444 
4444	2	4443	4445 
4445	2	4444	4446 
4446	2	4445	4447 
4447	2	4446	4448 
4448	2	4447	4449 
4449	2	4448	4450 
4450	2	4449	4451 
4451	2	4450	4452 
4452	2	4451	4453 
4453	2	4452	4454 
4454	2	4453	4455 
4455	2	4454	4456 
4456	2	4455	4457 
4457	2	4456	4458 
4458	2	4457	4459 
4459	2	4458	4460 
4460	2	4459	4461 
4461	2	4460	4462 
4462	2	4461	4463 
4463	2	4462	4464 
4464	2	4463	4465 
4465	2	4464	4466 
4466	2	4465	4467 
4467	2	4466	4468 
4468	2	4467	4469 
4469	2	4468	4470 
4470	2	4469	4471 
4471	2	4470	4472 
4472	2	4471	4473 
4473	2	4472	4474 
4474	2	4473	4475 
4475	2	4474	4476 
4476	2	4475	4477 
4477	2	4476	4478 
4478	2	4477	4479 
4479	2	4478	4480 
4480	2	4479	4481 
4481	2	4480	4482 
4482	2	4481	4483 
4483	2	4482	4484 
4484	2	4483	4485 
4485	2	4484	4486 
4486	2	4485	4487 
4487	2	4486	4488 
4488	2	4487	4489 
4489	2	4488	4490 
4490	2	4489	4491 
4491	2	4490	4492 
4492	2	4491	4493 
4493	2	4492	4494 
4494	2	4493	4495 
4495	2	4494	4496 
4496	2	4495	4497 
4497	2	4496	4498 
4498	2	4497	4499 
4499	2	4498	4500 
4500	2	4499	4501 
4501	2	4500	4502 
4502	2	4501	4503 
4503	2	4502	4504 
4504	2	4503	4505 
4505	2	4504	4506 
4506	2	4505	4507 
4507	2	4506	4508 
4508	2	4507	4509 
4509	2	4508	4510 
4510	2	4509	4511 
4511	2	4510	4512 
4512	2	4511	4513 
4513	2	4512	4514 
4514	2	4513	4515 
4515	2	4514	4516 
4516	2	4515	4517 
4517	2	4516	4518 
4518	2	4517	4519 
4519	2	4518	4520 
4520	2	4519	4521 
4521	2	4520	4522 
4522	2	4521	4523 
4523	2	4522	4524 
4524	2	4523	4525 
4525	2	4524	4526 
4526	2	4525	4527 
4527	2	4526	4528 
4528	2	4527	4529 
4529	2	4528	4530 
4530	2	4529	4531 
4531	2	4530	4532 
4532	2	4531	4533 
4533	2	4532	4534 
4534	2	4533	4535 
4535	2	4534	4536 
4536	2	4535	4537 
4537	2	4536	4538 
4538	2	4537	4539 
4539	2	4538	4540 
4540	2	4539	4541 
4541	2	4540	4542 
4542	2	4541	4543 
4543	2	4542	4544 
4544	2	4543	4545 
4545	2	4544	4546 
4546	2	4545	4547 
4547	2	4546	4548 
4548	2	4547	4549 
4549	2	4548	4550 
4550	2	4549	4551 
4551	2	4550	4552 
4552	2	4551	4553 
4553	2	4552	4554 
4554	2	4553	4555 
4555	2	4554	4556 
4556	2	4555	4557 
4557	2	4556	4558 
4558	2	4557	4559 
4559	2	4558	4560 
4560	2	4559	4561 
4561	2	4560	4562 
4562	2	4561	4563 
4563	2	4562	4564 
4564	2	4563	4565 
4565	2	4564	4566 
4566	2	4565	4567 
4567	2	4566	4568 
4568	2	4567	4569 
4569	2	4568	4570 
4570	2	4569	4571 
4571	2	4570	4572 
4572	2	4571	4573 
4573	2	4572	4574 
4574	2	4573	4575 
4575	2	4574	4576 
4576	2	4575	4577 
4577	2	4576	4578 
4578	2	4577	4579 
4579	2	4578	4580 
4580	2	4579	4581 
4581	2	4580	4582 
4582	2	4581	4583 
4583	2	4582	4584 
4584	2	4583	4585 
4585	2	4584	4586 
4586	2	4585	4587 
4587	2	4586	4588 
4588	2	4587	4589 
4589	2	4588	4590 
4590	2	4589	4591 
4591	2	4590	4592 
4592	2	4591	4593 
4593	2	4592	4594 
4594	2	4593	4595 
4595	2	4594	4596 
4596	2	4595	4597 
4597	2	4596	4598 
4598	2	4597	4599 
4599	2	4598	4600 
4600	2	4599	4601 
4601	2	4600	4602 
4602	2	4601	4603 
4603	2	4602	4604 
4604	2	4603	4605 
4605	2	4604	4606 
4606	2	4605	4607 
4607	2	4606	4608 
4608	2	4607	4609 
4609	2	4608	4610 
4610	2	4609	4611 
4611	2	4610	4612 
4612	2	4611	4613 
4613	2	4612	4614 
4614	2	4613	4615 
4615	2	4614	4616 
4616	2	4615	4617 
4617	2	4616	4618 
4618	2	4617	4619 
4619	2	4618	4620 
4620	2	4619	4621 
4621	2	4620	4622 
4622	2	4621	4623 
4623	2	4622	4624 
4624	2	4623	4625 
4625	2	4624	4626 
4626	2	4625	4627 
4627	2	4626	4628 
4628	2	4627	4629 
4629	2	4628	4630 
4630	2	4629	4631 
4631	2	4630	4632 
4632	2	4631	4633 
4633	2	4632	4634 
4634	2	4633	4635 
4635	2	4634	4636 
4636	2	4635	4637 
4637	2	4636	4638 
4638	2	4637	4639 
4639	2	4638	4640 
4640	2	4639	4641 
4641	2	4640	4642 
4642	2	4641	4643 
4643	2	4642	4644 
4644	2	4643	4645 
4645	2	4644	4646 
4646	2	4645	4647 
4647	2	4646	4648 
4648	2	4647	4649 
4649	2	4648	4650 
4650	2	4649	4651 
4651	2	4650	4652 
4652	2	4651	4653 
4653	2	4652	4654 
4654	2	4653	4655 
4655	2	4654	4656 
4656	2	4655	4657 
4657	2	4656	4658 
4658	2	4657	4659 
4659	2	4658	4660 
4660	2	4659	4661 
4661	2	4660	4662 
4662	2	4661	4663 
4663	2	4662	4664 
4664	2	4663	4665 
4665	2	4664	4666 
4666	2	4665	4667 
4667	2	4666	4668 
4668	2	4667	4669 
4669	2	4668	4670 
4670	2	4669	4671 
4671	2	4670	4672 
4672	2	4671	4673 
4673	2	4672	4674 
4674	2	4673	4675 
4675	2	4674	4676 
4676	2	4675	4677 
4677	2	4676	4678 
4678	2	4677	4679 
4679	2	4678	4680 
4680	2	4679	4681 
4681	2	4680	4682 
4682	2	4681	4683 
4683	2	4682	4684 
4684	2	4683	4685 
4685	2	4684	4686 
4686	2	4685	4687 
4687	2	4686	4688 
4688	2	4687	4689 
4689	2	4688	4690 
4690	2	4689	4691 
4691	2	4690	4692 
4692	2	4691	4693 
4693	2	4692	4694 
4694	2	4693	4695 
4695	2	4694	4696 
4696	2	4695	4697 
4697	2	4696	4698 
4698	2	4697	4699 
4699	2	4698	4700 
4700	2	4699	4701 
4701	2	4700	4702 
4702	2	4701	4703 
4703	2	4702	4704 
4704	2	4703	4705 
4705	2	4704	4706 
4706	2	4705	4707 
4707	2	4706	4708 
4708	2	4707	4709 
4709	2	4708	4710 
4710	2	4709	4711 
4711	2	4710	4712 
4712	2	4711	4713 
4713	2	4712	4714 
4714	2	4713	4715 
4715	2	4714	4716 
4716	2	4715	4717 
4717	2	4716	4718 
4718	2	4717	4719 
4719	2	4718	4720 
4720	2	4719	4721 
4721	2	4720	4722 
4722	2	4721	4723 
4723	2	4722	4724 
4724	2	4723	4725 
4725	2	4724	4726 
4726	2	4725	4727 
4727	2	4726	4728 
4728	2	4727	4729 
4729	2	4728	4730 
4730	2	4729	4731 
4731	2	4730	4732 
4732	2	4731	4733 
4733	2	4732	4734 
4734	2	4733	4735 
4735	2	4734	4736 
4736	2	4735	4737 
4737	2	4736	4738 
4738	2	4737	4739 
4739	2	4738	4740 
4740	2	4739	4741 
4741	2	4740	4742 
4742	2	4741	4743 
4743	2	4742	4744 
4744	2	4743	4745 
4745	2	4744	4746 
4746	2	4745	4747 
4747	2	4746	4748 
4748	2	4747	4749 
4749	2	4748	4750 
4750	2	4749	4751 
4751	2	4750	4752 
4752	2	4751	4753 
4753	2	4752	4754 
4754	2	4753	4755 
4755	2	4754	4756 
4756	2	4755	4757 
4757	2	4756	4758 
4758	2	4757	4759 
4759	2	4758	4760 
4760	2	4759	4761 
4761	2	4760	4762 
4762	2	4761	4763 
4763	2	4762	4764 
4764	2	4763	4765 
4765	2	4764	4766 
4766	2	4765	4767 
4767	2	4766	4768 
4768	2	4767	4769 
4769	2	4768	4770 
4770	2	4769	4771 
4771	2	4770	4772 
4772	2	4771	4773 
4773	2	4772	4774 
4774	2	4773	4775 
4775	2	4774	4776 
4776	2	4775	4777 
4777	2	4776	4778 
4778	2	4777	4779 
4779	2	4778	4780 
4780	2	4779	4781 
4781	2	4780	4782 
4782	2	4781	4783 
4783	2	4782	4784 
4784	2	4783	4785 
4785	2	4784	4786 
4786	2	4785	4787 
4787	2	4786	4788 
4788	2	4787	4789 
4789	2	4788	4790 
4790	2	4789	4791 
4791	2	4790	4792 
4792	2	4791	4793 
4793	2	4792	4794 
4794	2	4793	4795 
4795	2	4794	4796 
4796	2	4795	4797 
4797	2	4796	4798 
4798	2	4797	4799 
4799	2	4798	4800 
4800	2	4799	4801 
4801	2	4800	4802 
4802	2	4801	4803 
4803	2	4802	4804 
4804	2	4803	4805 
4805	2	4804	4806 
4806	2	4805	4807 
4807	2	4806	4808 
4808	2	4807	4809 
4809	2	4808	4810 
4810	2	4809	4811 
4811	2	4810	4812 
4812	2	4811	4813 
4813	2	4812	4814 
4814	2	4813	4815 
4815	2	4814	4816 
4816	2	4815	4817 
4817	2	4816	4818 
4818	2	4817	4819 
4819	2	4818	4820 
4820	2	4819	4821 
4821	2	4820	4822 
4822	2	4821	4823 
4823	2	4822	4824 
4824	2	4823	4825 
4825	2	4824	4826 
4826	2	4825	4827 
4827	2	4826	4828 
4828	2	4827	4829 
4829	2	4828	4830 
4830	2	4829	4831 
4831	2	4830	4832 
4832	2	4831	4833 
4833	2	4832	4834 
4834	2	4833	4835 
4835	2	4834	4836 
4836	2	4835	4837 
4837	2	4836	4838 
4838	2	4837	4839 
4839	2	4838	4840 
4840	2	4839	4841 
4841	2	4840	4842 
4842	2	4841	4843 
4843	2	4842	4844 
4844	2	4843	4845 
4845	2	4844	4846 
4846	2	4845	4847 
4847	2	4846	4848 
4848	2	4847	4849 
4849	2	4848	4850 
4850	2	4849	4851 
4851	2	4850	4852 
4852	2	4851	4853 
4853	2	4852	4854 
4854	2	4853	4855 
4855	2	4854	4856 
4856	2	4855	4857 
4857	2	4856	4858 
4858	2	4857	4859 
4859	2	4858	4860 
4860	2	4859	4861 
4861	2	4860	4862 
4862	2	4861	4863 
4863	2	4862	4864 
4864	2	4863	4865 
4865	2	4864	4866 
4866	2	4865	4867 
4867	2	4866	4868 
4868	2	4867	4869 
4869	2	4868	4870 
4870	2	4869	4871 
4871	2	4870	4872 
4872	2	4871	4873 
4873	2	4872	4874 
4874	2	4873	4875 
4875	2	4874	4876 
4876	2	4875	4877 
4877	2	4876	4878 
4878	2	4877	4879 
4879	2	4878	4880 
4880	2	4879	4881 
4881	2	4880	4882 
4882	2	4881	4883 
4883	2	4882	4884 
4884	2	4883	4885 
4885	2	4884	4886 
4886	2	4885	4887 
4887	2	4886	4888 
4888	2	4887	4889 
4889	2	4888	4890 
4890	2	4889	4891 
4891	2	4890	4892 
4892	2	4891	4893 
4893	2	4892	4894 
4894	2	4893	4895 
4895	2	4894	4896 
4896	2	4895	4897 
4897	2	4896	4898 
4898	2	4897	4899 
4899	2	4898	4900 
4900	2	4899	4901 
4901	2	4900	4902 
4902	2	4901	4903 
4903	2	4902	4904 
4904	2	4903	4905 
4905	2	4904	4906 
4906	2	4905	4907 
4907	2	4906	4908 
4908	2	4907	4909 
4909	2	4908	4910 
4910	2	4909	4911 
4911	2	4910	4912 
4912	2	4911	4913 
4913	2	4912	4914 
4914	2	4913	4915 
4915	2	4914	4916 
4916	2	4915	4917 
4917	2	4916	4918 
4918	2	4917	4919 
4919	2	4918	4920 
4920	2	4919	4921 
4921	2	4920	4922 
4922	2	4921	4923 
4923	2	4922	4924 
4924	2	4923	4925 
4925	2	4924	4926 
4926	2	4925	4927 
4927	2	4926	4928 
4928	2	4927	4929 
4929	2	4928	4930 
4930	2	4929	4931 
4931	2	4930	4932 
4932	2	4931	4933 
4933	2	4932	4934 
4934	2	4933	4935 
4935	2	4934	4936 
4936	2	4935	4937 
4937	2	4936	4938 
4938	2	4937	4939 
4939	2	4938	4940 
4940	2	4939	4941 
4941	2	4940	4942 
4942	2	4941	4943 
4943	2	4942	4944 
4944	2	4943	4945 
4945	2	4944	4946 
4946	2	4945	4947 
4947	2	4946	4948 
4948	2	4947	4949 
4949	2	4948	4950 
4950	2	4949	4951 
4951	2	4950	4952 
4952	2	4951	4953 
4953	2	4952	4954 
4954	2	4953	4955 
4955	2	4954	4956 
4956	2	4955	4957 
4957	2	4956	4958 
4958	2	4957	4959 
4959	2	4958	4960 
4960	2	4959	4961 
4961	2	4960	4962 
4962	2	4961	4963 
4963	2	4962	4964 
4964	2	4963	4965 
4965	2	4964	4966 
4966	2	4965	4967 
4967	2	4966	4968 
4968	2	4967	4969 
4969	2	4968	4970 
4970	2	4969	4971 
4971	2	4970	4972 
4972	2	4971	4973 
4973	2	4972	4974 
4974	2	4973	4975 
4975	2	4974	4976 
4976	2	4975	4977 
4977	2	4976	4978 
4978	2	4977	4979 
4979	2	4978	4980 
4980	2	4979	4981 
4981	2	4980	4982 
4982	2	4981	4983 
4983	2	4982	4984 
4984	2	4983	4985 
4985	2	4984	4986 
4986	2	4985	4987 
4987	2	4986	4988 
4988	2	4987	4989 
4989	2	4988	4990 
4990	2	4989	4991 
4991	2	4990	4992 
4992	2	4991	4993 
4993	2	4992	4994 
4994	2	4993	4995 
4995	2	4994	4996 
4996	2	4995	4997 
4997	2	4996	4998 
4998	2	4997	4999 
4999	2	4998	5000 
5000	2	4999	5001 
5001	2	5000	5002 
5002	2	5001	5003 
5003	2	5002	5004 
5004	2	5003	5005 
5005	2	5004	5006 
5006	2	5005	5007 
5007	2	5006	5008 
5008	2	5007	5009 
5009	2	5008	5010 
5010	2	5009	5011 
5011	2	5010	5012 
5012	2	5011	5013 
5013	2	5012	5014 
5014	2	5013	5015 
5015	2	5014	5016 
5016	2	5015	5017 
5017	2	5016	5018 
5018	2	5017	5019 
5019	2	5018	5020 
5020	2	5019	5021 
5021	2	5020	5022 
5022	2	5021	5023 
5023	2	5022	5024 
5024	2	5023	5025 
5025	2	5024	5026 
5026	2	5025	5027 
5027	2	5026	5028 
5028	2	5027	5029 
5029	2	5028	5030 
5030	2	5029	5031 
5031	2	5030	5032 
5032	2	5031	5033 
5033	2	5032	5034 
5034	2	5033	5035 
5035	2	5034	5036 
5036	2	5035	5037 
5037	2	5036	5038 
5038	2	5037	5039 
5039	2	5038	5040 
5040	2	5039	5041 
5041	2	5040	5042 
5042	2	5041	5043 
5043	2	5042	5044 
5044	2	5043	5045 
5045	2	5044	5046 
5046	2	5045	5047 
5047	2	5046	5048 
5048	2	5047	5049 
5049	2	5048	5050 
5050	2	5049	5051 
5051	2	5050	5052 
5052	2	5051	5053 
5053	2	5052	5054 
5054	2	5053	5055 
5055	2	5054	5056 
5056	2	5055	5057 
5057	2	5056	5058 
5058	2	5057	5059 
5059	2	5058	5060 
5060	2	5059	5061 
5061	2	5060	5062 
5062	2	5061	5063 
5063	2	5062	5064 
5064	2	5063	5065 
5065	2	5064	5066 
5066	2	5065	5067 
5067	2	5066	5068 
5068	2	5067	5069 
5069	2	5068	5070 
5070	2	5069	5071 
5071	2	5070	5072 
5072	2	5071	5073 
5073	2	5072	5074 
5074	2	5073	5075 
5075	2	5074	5076 
5076	2	5075	5077 
5077	2	5076	5078 
5078	2	5077	5079 
5079	2	5078	5080 
5080	2	5079	5081 
5081	2	5080	5082 
5082	2	5081	5083 
5083	2	5082	5084 
5084	2	5083	5085 
5085	2	5084	5086 
5086	2	5085	5087 
5087	2	5086	5088 
5088	2	5087	5089 
5089	2	5088	5090 
5090	2	5089	5091 
5091	2	5090	5092 
5092	2	5091	5093 
5093	2	5092	5094 
5094	2	5093	5095 
5095	2	5094	5096 
5096	2	5095	5097 
5097	2	5096	5098 
5098	2	5097	5099 
5099	2	5098	5100 
5100	2	5099	5101 
5101	2	5100	5102 
5102	2	5101	5103 
5103	2	5102	5104 
5104	2	5103	5105 
5105	2	5104	5106 
5106	2	5105	5107 
5107	2	5106	5108 
5108	2	5107	5109 
5109	2	5108	5110 
5110	2	5109	5111 
5111	2	5110	5112 
5112	2	5111	5113 
5113	2	5112	5114 
5114	2	5113	5115 
5115	2	5114	5116 
5116	2	5115	5117 
5117	2	5116	5118 
5118	2	5117	5119 
5119	2	5118	5120 
5120	2	5119	5121 
5121	2	5120	5122 
5122	2	5121	5123 
5123	2	5122	5124 
5124	2	5123	5125 
5125	2	5124	5126 
5126	2	5125	5127 
5127	2	5126	5128 
5128	2	5127	5129 
5129	2	5128	5130 
5130	2	5129	5131 
5131	2	5130	5132 
5132	2	5131	5133 
5133	2	5132	5134 
5134	2	5133	5135 
5135	2	5134	5136 
5136	2	5135	5137 
5137	2	5136	5138 
5138	2	5137	5139 
5139	2	5138	5140 
5140	2	5139	5141 
5141	2	5140	5142 
5142	2	5141	5143 
5143	2	5142	5144 
5144	2	5143	5145 
5145	2	5144	5146 
5146	2	5145	5147 
5147	2	5146	5148 
5148	2	5147	5149 
5149	2	5148	5150 
5150	2	5149	5151 
5151	2	5150	5152 
5152	2	5151	5153 
5153	2	5152	5154 
5154	2	5153	5155 
5155	2	5154	5156 
5156	2	5155	5157 
5157	2	5156	5158 
5158	2	5157	5159 
5159	2	5158	5160 
5160	2	5159	5161 
5161	2	5160	5162 
5162	2	5161	5163 
5163	2	5162	5164 
5164	2	5163	5165 
5165	2	5164	5166 
5166	2	5165	5167 
5167	2	5166	5168 
5168	2	5167	5169 
5169	2	5168	5170 
5170	2	5169	5171 
5171	2	5170	5172 
5172	2	5171	5173 
5173	2	5172	5174 
5174	2	5173	5175 
5175	2	5174	5176 
5176	2	5175	5177 
5177	2	5176	5178 
5178	2	5177	5179 
5179	2	5178	5180 
5180	2	5179	5181 
5181	2	5180	5182 
5182	2	5181	5183 
5183	2	5182	5184 
5184	2	5183	5185 
5185	2	5184	5186 
5186	2	5185	5187 
5187	2	5186	5188 
5188	2	5187	5189 
5189	2	5188	5190 
5190	2	5189	5191 
5191	2	5190	5192 
5192	2	5191	5193 
5193	2	5192	5194 
5194	2	5193	5195 
5195	2	5194	5196 
5196	2	5195	5197 
5197	2	5196	5198 
5198	2	5197	5199 
5199	2	5198	5200 
5200	2	5199	5201 
5201	2	5200	5202 
5202	2	5201	5203 
5203	2	5202	5204 
5204	2	5203	5205 
5205	2	5204	5206 
5206	2	5205	5207 
5207	2	5206	5208 
5208	2	5207	5209 
5209	2	5208	5210 
5210	2	5209	5211 
5211	2	5210	5212 
5212	2	5211	5213 
5213	2	5212	5214 
5214	2	5213	5215 
5215	2	5214	5216 
5216	2	5215	5217 
5217	2	5216	5218 
5218	2	5217	5219 
5219	2	5218	5220 
5220	2	5219	5221 
5221	2	5220	5222 
5222	2	5221	5223 
5223	2	5222	5224 
5224	2	5223	5225 
5225	2	5224	5226 
5226	2	5225	5227 
5227	2	5226	5228 
5228	2	5227	5229 
5229	2	5228	5230 
5230	2	5229	5231 
5231	2	5230	5232 
5232	2	5231	5233 
5233	2	5232	5234 
5234	2	5233	5235 
5235	2	5234	5236 
5236	2	5235	5237 
5237	2	5236	5238 
5238	2	5237	5239 
5239	2	5238	5240 
5240	2	5239	5241 
5241	2	5240	5242 
5242	2	5241	5243 
5243	2	5242	5244 
5244	2	5243	5245 
5245	2	5244	5246 
5246	2	5245	5247 
5247	2	5246	5248 
5248	2	5247	5249 
5249	2	5248	5250 
5250	2	5249	5251 
5251	2	5250	5252 
5252	2	5251	5253 
5253	2	5252	5254 
5254	2	5253	5255 
5255	2	5254	5256 
5256	2	5255	5257 
5257	2	5256	5258 
5258	2	5257	5259 
5259	2	5258	5260 
5260	2	5259	5261 
5261	2	5260	5262 
5262	2	5261	5263 
5263	2	5262	5264 
5264	2	5263	5265 
5265	2	5264	5266 
5266	2	5265	5267 
5267	2	5266	5268 
5268	2	5267	5269 
5269	2	5268	5270 
5270	2	5269	5271 
5271	2	5270	5272 
5272	2	5271	5273 
5273	2	5272	5274 
5274	2	5273	5275 
5275	2	5274	5276 
5276	2	5275	5277 
5277	2	5276	5278 
5278	2	5277	5279 
5279	2	5278	5280 
5280	2	5279	5281 
5281	2	5280	5282 
5282	2	5281	5283 
5283	2	5282	5284 
5284	2	5283	5285 
5285	2	5284	5286 
5286	2	5285	5287 
5287	2	5286	5288 
5288	2	5287	5289 
5289	2	5288	5290 
5290	2	5289	5291 
5291	2	5290	5292 
5292	2	5291	5293 
5293	2	5292	5294 
5294	2	5293	5295 
5295	2	5294	5296 
5296	2	5295	5297 
5297	2	5296	5298 
5298	2	5297	5299 
5299	2	5298	5300 
5300	2	5299	5301 
5301	2	5300	5302 
5302	2	5301	5303 
5303	2	5302	5304 
5304	2	5303	5305 
5305	2	5304	5306 
5306	2	5305	5307 
5307	2	5306	5308 
5308	2	5307	5309 
5309	2	5308	5310 
5310	2	5309	5311 
5311	2	5310	5312 
5312	2	5311	5313 
5313	2	5312	5314 
5314	2	5313	5315 
5315	2	5314	5316 
5316	2	5315	5317 
5317	2	5316	5318 
5318	2	5317	5319 
5319	2	5318	5320 
5320	2	5319	5321 
5321	2	5320	5322 
5322	2	5321	5323 
5323	2	5322	5324 
5324	2	5323	5325 
5325	2	5324	5326 
5326	2	5325	5327 
5327	2	5326	5328 
5328	2	5327	5329 
5329	2	5328	5330 
5330	2	5329	5331 
5331	2	5330	5332 
5332	2	5331	5333 
5333	2	5332	5334 
5334	2	5333	5335 
5335	2	5334	5336 
5336	2	5335	5337 
5337	2	5336	5338 
5338	2	5337	5339 
5339	2	5338	5340 
5340	2	5339	5341 
5341	2	5340	5342 
5342	2	5341	5343 
5343	2	5342	5344 
5344	2	5343	5345 
5345	2	5344	5346 
5346	2	5345	5347 
5347	2	5346	5348 
5348	2	5347	5349 
5349	2	5348	5350 
5350	2	5349	5351 
5351	2	5350	5352 
5352	2	5351	5353 
5353	2	5352	5354 
5354	2	5353	5355 
5355	2	5354	5356 
5356	2	5355	5357 
5357	2	5356	5358 
5358	2	5357	5359 
5359	2	5358	5360 
5360	2	5359	5361 
5361	2	5360	5362 
5362	2	5361	5363 
5363	2	5362	5364 
5364	2	5363	5365 
5365	2	5364	5366 
5366	2	5365	5367 
5367	2	5366	5368 
5368	2	5367	5369 
5369	2	5368	5370 
5370	2	5369	5371 
5371	2	5370	5372 
5372	2	5371	5373 
5373	2	5372	5374 
5374	2	5373	5375 
5375	2	5374	5376 
5376	2	5375	5377 
5377	2	5376	5378 
5378	2	5377	5379 
5379	2	5378	5380 
5380	2	5379	5381 
5381	2	5380	5382 
5382	2	5381	5383 
5383	2	5382	5384 
5384	2	5383	5385 
5385	2	5384	5386 
5386	2	5385	5387 
5387	2	5386	5388 
5388	2	5387	5389 
5389	2	5388	5390 
5390	2	5389	5391 
5391	2	5390	5392 
5392	2	5391	5393 
5393	2	5392	5394 
5394	2	5393	5395 
5395	2	5394	5396 
5396	2	5395	5397 
5397	2	5396	5398 
5398	2	5397	5399 
5399	2	5398	5400 
5400	2	5399	5401 
5401	2	5400	5402 
5402	2	5401	5403 
5403	2	5402	5404 
5404	2	5403	5405 
5405	2	5404	5406 
5406	2	5405	5407 
5407	2	5406	5408 
5408	2	5407	5409 
5409	2	5408	5410 
5410	2	5409	5411 
5411	2	5410	5412 
5412	2	5411	5413 
5413	2	5412	5414 
5414	2	5413	5415 
5415	2	5414	5416 
5416	2	5415	5417 
5417	2	5416	5418 
5418	2	5417	5419 
5419	2	5418	5420 
5420	2	5419	5421 
5421	2	5420	5422 
5422	2	5421	5423 
5423	2	5422	5424 
5424	2	5423	5425 
5425	2	5424	5426 
5426	2	5425	5427 
5427	2	5426	5428 
5428	2	5427	5429 
5429	2	5428	5430 
5430	2	5429	5431 
5431	2	5430	5432 
5432	2	5431	5433 
5433	2	5432	5434 
5434	2	5433	5435 
5435	2	5434	5436 
5436	2	5435	5437 
5437	2	5436	5438 
5438	2	5437	5439 
5439	2	5438	5440 
5440	2	5439	5441 
5441	2	5440	5442 
5442	2	5441	5443 
5443	2	5442	5444 
5444	2	5443	5445 
5445	2	5444	5446 
5446	2	5445	5447 
5447	2	5446	5448 
5448	2	5447	5449 
5449	2	5448	5450 
5450	2	5449	5451 
5451	2	5450	5452 
5452	2	5451	5453 
5453	2	5452	5454 
5454	2	5453	5455 
5455	2	5454	5456 
5456	2	5455	5457 
5457	2	5456	5458 
5458	2	5457	5459 
5459	2	5458	5460 
5460	2	5459	5461 
5461	2	5460	5462 
5462	2	5461	5463 
5463	2	5462	5464 
5464	2	5463	5465 
5465	2	5464	5466 
5466	2	5465	5467 
5467	2	5466	5468 
5468	2	5467	5469 
5469	2	5468	5470 
5470	2	5469	5471 
5471	2	5470	5472 
5472	2	5471	5473 
5473	2	5472	5474 
5474	2	5473	5475 
5475	2	5474	5476 
5476	2	5475	5477 
5477	2	5476	5478 
5478	2	5477	5479 
5479	2	5478	5480 
5480	2	5479	5481 
5481	2	5480	5482 
5482	2	5481	5483 
5483	2	5482	5484 
5484	2	5483	5485 
5485	2	5484	5486 
5486	2	5485	5487 
5487	2	5486	5488 
5488	2	5487	5489 
5489	2	5488	5490 
5490	2	5489	5491 
5491	2	5490	5492 
5492	2	5491	5493 
5493	2	5492	5494 
5494	2	5493	5495 
5495	2	5494	5496 
5496	2	5495	5497 
5497	2	5496	5498 
5498	2	5497	5499 
5499	2	5498	5500 
5500	2	5499	5501 
5501	2	5500	5502 
5502	2	5501	5503 
5503	2	5502	5504 
5504	2	5503	5505 
5505	2	5504	5506 
5506	2	5505	5507 
5507	2	5506	5508 
5508	2	5507	5509 
5509	2	5508	5510 
5510	2	5509	5511 
5511	2	5510	5512 
5512	2	5511	5513 
5513	2	5512	5514 
5514	2	5513	5515 
5515	2	5514	5516 
5516	2	5515	5517 
5517	2	5516	5518 
5518	2	5517	5519 
5519	2	5518	5520 
5520	2	5519	5521 
5521	2	5520	5522 
5522	2	5521	5523 
5523	2	5522	5524 
5524	2	5523	5525 
5525	2	5524	5526 
5526	2	5525	5527 
5527	2	5526	5528 
5528	2	5527	5529 
5529	2	5528	5530 
5530	2	5529	5531 
5531	2	5530	5532 
5532	2	5531	5533 
5533	2	5532	5534 
5534	2	5533	5535 
5535	2	5534	5536 
5536	2	5535	5537 
5537	2	5536	5538 
5538	2	5537	5539 
5539	2	5538	5540 
5540	2	5539	5541 
5541	2	5540	5542 
5542	2	5541	5543 
5543	2	5542	5544 
5544	2	5543	5545 
5545	2	5544	5546 
5546	2	5545	5547 
5547	2	5546	5548 
5548	2	5547	5549 
5549	2	5548	5550 
5550	2	5549	5551 
5551	2	5550	5552 
5552	2	5551	5553 
5553	2	5552	5554 
5554	2	5553	5555 
5555	2	5554	5556 
5556	2	5555	5557 
5557	2	5556	5558 
5558	2	5557	5559 
5559	2	5558	5560 
5560	2	5559	5561 
5561	2	5560	5562 
5562	2	5561	5563 
5563	2	5562	5564 
5564	2	5563	5565 
5565	2	5564	5566 
5566	2	5565	5567 
5567	2	5566	5568 
5568	2	5567	5569 
5569	2	5568	5570 
5570	2	5569	5571 
5571	2	5570	5572 
5572	2	5571	5573 
5573	2	5572	5574 
5574	2	5573	5575 
5575	2	5574	5576 
5576	2	5575	5577 
5577	2	5576	5578 
5578	2	5577	5579 
5579	2	5578	5580 
5580	2	5579	5581 
5581	2	5580	5582 
5582	2	5581	5583 
5583	2	5582	5584 
5584	2	5583	5585 
5585	2	5584	5586 
5586	2	5585	5587 
5587	2	5586	5588 
5588	2	5587	5589 
5589	2	5588	5590 
5590	2	5589	5591 
5591	2	5590	5592 
5592	2	5591	5593 
5593	2	5592	5594 
5594	2	5593	5595 
5595	2	5594	5596 
5596	2	5595	5597 
5597	2	5596	5598 
5598	2	5597	5599 
5599	2	5598	5600 
5600	2	5599	5601 
5601	2	5600	5602 
5602	2	5601	5603 
5603	2	5602	5604 
5604	2	5603	5605 
5605	2	5604	5606 
5606	2	5605	5607 
5607	2	5606	5608 
5608	2	5607	5609 
5609	2	5608	5610 
5610	2	5609	5611 
5611	2	5610	5612 
5612	2	5611	5613 
5613	2	5612	-1 
