0	264501.235591668	4236454.67319175	93.632	Q20220830092903	
1	264661.899403147	4236425.2585395	93.4658999436961	Q20220830092903	
2	264822.563214626	4236395.84388726	93.2997998873923	Q20220830092903	
3	264984.871223871	4236366.12821199	93.132	Q20220830092903	
4	265129.677892316	4236290.56938802	93.0813196177385	Q20220830092903	
5	265274.484560761	4236215.01056404	93.030639235477	Q20220830092903	
6	265419.291229206	4236139.45174007	92.9799588532154	Q20220830092903	
7	265564.097897651	4236063.89291609	92.9292784709539	Q20220830092903	
8	265708.904566097	4235988.33409212	92.8785980886923	Q20220830092903	
9	265853.711234542	4235912.77526814	92.8279177064308	Q20220830092903	
10	265998.517902987	4235837.21644417	92.7772373241693	Q20220830092903	
11	266143.324571432	4235761.6576202	92.7265569419077	Q20220830092903	
12	266413.497666523	4235620.68371648	92.632	Q20220830092903	
13	266506.398532685	4235486.34259169	92.6015012636918	Q20220830092903	
14	266599.299398846	4235352.00146689	92.5710025273836	Q20220830092903	
15	266692.200265007	4235217.66034209	92.5405037910754	Q20220830092903	
16	266785.101131168	4235083.3192173	92.5100050547672	Q20220830092903	
17	266878.001997329	4234948.9780925	92.4795063184591	Q20220830092903	
18	266988.941043218	4234788.55250312	92.443085767751	Q20220830092903	
19	267082.607139902	4234654.74379233	92.4126592040313	Q20220830092903	
20	267176.273236586	4234520.93508155	92.3822326403116	Q20220830092903	
21	267269.93933327	4234387.12637077	92.3518060765918	Q20220830092903	
22	267428.91868955	4234160.01300256	92.3001631055999	Q20220830092903	
23	267528.185793855	4234030.30505859	92.269369234981	Q20220830092903	
24	267627.452898161	4233900.59711461	92.2385753643621	Q20220830092903	
25	267726.720002466	4233770.88917064	92.2077814937433	Q20220830092903	
26	267825.987106772	4233641.18122667	92.1769876231244	Q20220830092903	
27	267971.009183808	4233451.68727926	92.132	Q20220830092903	
28	267942.095603961	4233290.93248533	92.0280499422283	Q20220830092903	
29	267913.182024115	4233130.1776914	91.9240998844566	Q20220830092903	
30	267884.268444268	4232969.42289748	91.8201498266849	Q20220830092903	
31	267831.934802964	4232678.45637698	91.632	Q20220830092903	
32	267915.229967696	4232537.95720066	91.5503889273184	Q20220830092903	
33	267998.525132428	4232397.45802434	91.4687778546368	Q20220830092903	
34	268081.82029716	4232256.95884801	91.3871667819551	Q20220830092903	
35	268165.115461892	4232116.45967169	91.3055557092734	Q20220830092903	
36	268248.410626624	4231975.96049537	91.2239446365917	Q20220830092903	
37	268342.25259438	4231817.67136519	91.132	Q20220830092903	
38	268368.058790732	4231656.38854497	91.0894645700186	Q20220830092903	
39	268393.864987083	4231495.10572476	91.0469291400371	Q20220830092903	
40	268419.671183435	4231333.82290455	91.0043937100557	Q20220830092903	
41	268445.477379786	4231172.54008434	90.9618582800742	Q20220830092903	
42	268471.283576138	4231011.25726412	90.9193228500927	Q20220830092903	
43	268497.089772489	4230849.97444391	90.8767874201113	Q20220830092903	
44	268522.895968841	4230688.6916237	90.8342519901298	Q20220830092903	
45	268548.702165193	4230527.40880348	90.7917165601483	Q20220830092903	
46	268574.508361544	4230366.12598327	90.7491811301667	Q20220830092903	
47	268600.314557896	4230204.84316306	90.7066457001852	Q20220830092903	
48	268645.602018176	4229921.80690252	90.632	Q20220830092903	
49	268744.813623133	4229792.05649988	90.6204523290748	Q20220830092903	
50	268844.025228091	4229662.30609725	90.6089046581495	Q20220830092903	
51	268943.236833048	4229532.55569462	90.5973569872242	Q20220830092903	
52	269042.448438006	4229402.80529198	90.585809316299	Q20220830092903	
53	269141.660042964	4229273.05488935	90.5742616453738	Q20220830092903	
54	269240.871647921	4229143.30448672	90.5627139744485	Q20220830092903	
55	269340.083252879	4229013.55408408	90.5511663035232	Q20220830092903	
56	269439.294857837	4228883.80368145	90.539618632598	Q20220830092903	
57	269538.506462794	4228754.05327882	90.5280709616728	Q20220830092903	
58	269637.718067752	4228624.30287618	90.5165232907475	Q20220830092903	
59	269736.92967271	4228494.55247355	90.5049756198222	Q20220830092903	
60	269836.141277667	4228364.80207092	90.493427948897	Q20220830092903	
61	269935.352882625	4228235.05166829	90.4818802779718	Q20220830092903	
62	270034.564487583	4228105.30126565	90.4703326070465	Q20220830092903	
63	270133.77609254	4227975.55086302	90.4587849361212	Q20220830092903	
64	270232.987697498	4227845.80046039	90.447237265196	Q20220830092903	
65	270332.199302455	4227716.05005775	90.4356895942708	Q20220830092903	
66	270431.410907413	4227586.29965512	90.4241419233455	Q20220830092903	
67	270530.622512371	4227456.54925249	90.4125942524203	Q20220830092903	
68	270629.834117328	4227326.79884985	90.401046581495	Q20220830092903	
69	270729.045722286	4227197.04844722	90.3894989105698	Q20220830092903	
70	270828.257327244	4227067.29804459	90.3779512396445	Q20220830092903	
71	270927.468932202	4226937.54764195	90.3664035687193	Q20220830092903	
72	271026.680537159	4226807.79723932	90.354855897794	Q20220830092903	
73	271125.892142117	4226678.04683669	90.3433082268688	Q20220830092903	
74	271225.103747075	4226548.29643406	90.3317605559435	Q20220830092903	
75	271412.05916812	4226303.79337249	90.31	Q20220830092903	
76	271507.887980701	4226171.52490237	90.2971324829196	Q20220830092903	
77	271603.716793282	4226039.25643224	90.2842649658392	Q20220830092903	
78	271699.545605862	4225906.98796212	90.2713974487588	Q20220830092903	
79	271795.374418443	4225774.71949199	90.2585299316784	Q20220830092903	
80	271891.203231024	4225642.45102187	90.245662414598	Q20220830092903	
81	271987.032043604	4225510.18255175	90.2327948975177	Q20220830092903	
82	272082.860856185	4225377.91408162	90.2199273804373	Q20220830092903	
83	272178.689668765	4225245.6456115	90.2070598633569	Q20220830092903	
84	272274.518481346	4225113.37714138	90.1941923462765	Q20220830092903	
85	272370.347293927	4224981.10867125	90.1813248291961	Q20220830092903	
86	272466.176106507	4224848.84020113	90.1684573121158	Q20220830092903	
87	272562.004919088	4224716.57173101	90.1555897950354	Q20220830092903	
88	272657.833731668	4224584.30326088	90.142722277955	Q20220830092903	
89	272753.662544248	4224452.03479076	90.1298547608747	Q20220830092903	
90	272937.263446284	4224198.61820579	90.105201551894	Q20220830092903	
91	273034.953889546	4224067.71867636	90.0923224873525	Q20220830092903	
92	273132.644332808	4223936.81914694	90.079443422811	Q20220830092903	
93	273230.33477607	4223805.91961751	90.0665643582694	Q20220830092903	
94	273328.025219332	4223675.02008808	90.0536852937279	Q20220830092903	
95	273425.715662594	4223544.12055865	90.0408062291864	Q20220830092903	
96	273523.406105856	4223413.22102922	90.0279271646449	Q20220830092903	
97	273621.096549118	4223282.32149979	90.0150481001033	Q20220830092903	
98	273718.78699238	4223151.42197037	90.0021690355618	Q20220830092903	
99	273816.477435642	4223020.52244094	89.9892899710203	Q20220830092903	
100	273914.167878904	4222889.62291151	89.9764109064788	Q20220830092903	
101	274011.858322166	4222758.72338208	89.9635318419373	Q20220830092903	
102	274109.548765427	4222627.82385265	89.9506527773957	Q20220830092903	
103	274207.239208689	4222496.92432323	89.9377737128542	Q20220830092903	
104	274304.929651951	4222366.0247938	89.9248946483127	Q20220830092903	
105	274402.620095214	4222235.12526437	89.9120155837711	Q20220830092903	
106	274500.310538476	4222104.22573494	89.8991365192296	Q20220830092903	
107	274598.000981738	4221973.32620551	89.8862574546881	Q20220830092903	
108	274695.691425	4221842.42667608	89.8733783901465	Q20220830092903	
109	274793.381868262	4221711.52714666	89.8604993256049	Q20220830092903	
110	274910.947548885	4221553.99595162	89.845	Q20220830092903	
111	275008.211671424	4221422.77937047	89.7502745306624	Q20220830092903	
112	275105.475793962	4221291.56278932	89.6555490613248	Q20220830092903	
113	275202.739916501	4221160.34620817	89.5608235919872	Q20220830092903	
114	275300.00403904	4221029.12962702	89.4660981226495	Q20220830092903	
115	275397.268161579	4220897.91304587	89.3713726533119	Q20220830092903	
116	275509.572014265	4220746.40674308	89.262	Q20220830092903	
117	275666.406250249	4220700.80297524	88.0668194212945	Q20220830093020	
118	275823.240486233	4220655.19920739	86.8716388425891	Q20220830093020	
119	275980.074722217	4220609.59543955	85.6764582638838	Q20220830093020	
120	276136.908958201	4220563.9916717	84.4812776851783	Q20220830093020	
121	276293.743194185	4220518.38790385	83.286097106473	Q20220830093020	
122	276450.577430169	4220472.78413601	82.0909165277674	Q20220830093020	
123	276607.411666153	4220427.18036816	80.8957359490621	Q20220830093020	
124	276764.245902137	4220381.57660032	79.7005553703566	Q20220830093020	
125	277043.171970789	4220300.47135183	77.5749542982664	Q20220830093020	
126	277203.165593065	4220267.6107822	76.9974858718303	Q20220830093020	
127	277363.159215341	4220234.75021257	76.4200174453943	Q20220830093020	
128	277523.152837617	4220201.88964294	75.8425490189583	Q20220830093020	
129	277683.146459893	4220169.02907331	75.2650805925222	Q20220830093020	
130	277843.140082169	4220136.16850368	74.6876121660862	Q20220830093020	
131	278066.841802858	4220090.22313496	73.8802007280574	Q20220830093020	
132	278225.250950254	4220050.4163254	73.6163658718775	Q20220830093020	
133	278383.660097649	4220010.60951584	73.3525310156976	Q20220830093020	
134	278542.069245045	4219970.80270627	73.0886961595177	Q20220830093020	
135	278700.478392441	4219930.99589671	72.8248613033378	Q20220830093020	
136	278858.887539836	4219891.18908715	72.5610264471579	Q20220830093020	
137	279017.296687232	4219851.38227758	72.297191590978	Q20220830093020	
138	279175.705834627	4219811.57546802	72.0333567347981	Q20220830093020	
139	279334.114982023	4219771.76865846	71.7695218786183	Q20220830093020	
140	279492.524129419	4219731.96184889	71.5056870224384	Q20220830093020	
141	279650.933276814	4219692.15503933	71.2418521662586	Q20220830093020	
142	279809.34242421	4219652.34822977	70.9780173100788	Q20220830093020	
143	279967.751571605	4219612.5414202	70.714182453899	Q20220830093020	
144	280126.160719001	4219572.73461064	70.4503475977192	Q20220830093020	
145	280284.569866396	4219532.92780108	70.1865127415394	Q20220830093020	
146	280442.979013792	4219493.12099151	69.9226778853596	Q20220830093020	
147	280601.388161187	4219453.31418195	69.6588430291798	Q20220830093020	
148	280909.279500816	4219375.94382724	69.1460414097942	Q20220830093020	
149	281067.901734357	4219336.99479755	68.881867600594	Q20220830093020	
150	281226.523967898	4219298.04576786	68.6176937913938	Q20220830093020	
151	281385.146201439	4219259.09673817	68.3535199821935	Q20220830093020	
152	281543.76843498	4219220.14770848	68.0893461729932	Q20220830093020	
153	281702.390668521	4219181.19867879	67.8251723637929	Q20220830093020	
154	281861.012902062	4219142.2496491	67.5609985545926	Q20220830093020	
155	282019.635135603	4219103.30061942	67.2968247453923	Q20220830093020	
156	282178.257369144	4219064.35158973	67.032650936192	Q20220830093020	
157	282336.879602685	4219025.40256004	66.7684771269916	Q20220830093020	
158	282502.288873593	4218984.78700155	66.493	Q20220830093020	
159	282579.296149341	4218840.74539335	66.4276962104691	Q20220830093028	
160	282656.303425089	4218696.70378515	66.3623924209382	Q20220830093028	
161	282733.310700837	4218552.66217696	66.2970886314072	Q20220830093028	
162	282810.317976585	4218408.62056876	66.2317848418763	Q20220830093028	
163	282887.325252333	4218264.57896056	66.1664810523454	Q20220830093028	
164	282964.332528081	4218120.53735236	66.1011772628144	Q20220830093028	
165	283041.339803829	4217976.49574416	66.0358734732834	Q20220830093028	
166	283118.347079577	4217832.45413596	65.9705696837524	Q20220830093028	
167	283195.354355325	4217688.41252776	65.9052658942214	Q20220830093028	
168	283272.361631074	4217544.37091957	65.8399621046904	Q20220830093028	
169	283349.368906822	4217400.32931137	65.7746583151593	Q20220830093028	
170	283472.783670233	4217169.48279947	65.67	Q20220830093028	
171	283627.298599699	4217116.53710835	65.6637648686662	Q20220830092916	
172	283781.813529165	4217063.59141723	65.6575297373324	Q20220830092916	
173	283936.328458631	4217010.64572611	65.6512946059987	Q20220830092916	
174	284090.843388097	4216957.70003499	65.6450594746649	Q20220830092916	
175	284245.358317563	4216904.75434387	65.6388243433311	Q20220830092916	
176	284399.873247029	4216851.80865275	65.6325892119973	Q20220830092916	
177	284554.388176495	4216798.86296163	65.6263540806635	Q20220830092916	
178	284708.903105961	4216745.9172705	65.6201189493298	Q20220830092916	
179	284863.418035427	4216692.97157938	65.613883817996	Q20220830092916	
180	285017.932964893	4216640.02588826	65.6076486866622	Q20220830092916	
181	285172.447894359	4216587.08019714	65.6014135553284	Q20220830092916	
182	285326.962823825	4216534.13450602	65.5951784239946	Q20220830092916	
183	285481.477753291	4216481.1888149	65.5889432926608	Q20220830092916	
184	285635.992682757	4216428.24312378	65.582708161327	Q20220830092916	
185	285790.507612223	4216375.29743266	65.5764730299933	Q20220830092916	
186	285945.022541689	4216322.35174154	65.5702378986595	Q20220830092916	
187	286099.537471155	4216269.40605042	65.5640027673257	Q20220830092916	
188	286254.052400621	4216216.4603593	65.5577676359919	Q20220830092916	
189	286408.567330087	4216163.51466818	65.5515325046581	Q20220830092916	
190	286563.082259553	4216110.56897705	65.5452973733243	Q20220830092916	
191	286717.597189019	4216057.62328593	65.5390622419905	Q20220830092916	
192	286872.112118485	4216004.67759481	65.5328271106568	Q20220830092916	
193	287026.627047951	4215951.73190369	65.526591979323	Q20220830092916	
194	287181.141977417	4215898.78621257	65.5203568479892	Q20220830092916	
195	287335.656906883	4215845.84052145	65.5141217166554	Q20220830092916	
196	287490.171836349	4215792.89483033	65.5078865853216	Q20220830092916	
197	287685.612013862	4215725.92579823	65.5	Q20220830092916	
198	287834.565973828	4215658.9123733	65.3315782580257	Q20220830092916	
199	287983.519933793	4215591.89894838	65.1631565160513	Q20220830092916	
200	288132.473893759	4215524.88552346	64.994734774077	Q20220830092916	
201	288281.427853725	4215457.87209854	64.8263130321026	Q20220830092916	
202	288430.38181369	4215390.85867362	64.6578912901282	Q20220830092916	
203	288579.335773656	4215323.8452487	64.4894695481539	Q20220830092916	
204	288728.289733622	4215256.83182377	64.3210478061795	Q20220830092916	
205	288877.243693587	4215189.81839885	64.1526260642051	Q20220830092916	
206	289026.197653553	4215122.80497393	63.9842043222307	Q20220830092916	
207	289175.151613519	4215055.79154901	63.8157825802563	Q20220830092916	
208	289324.105573485	4214988.77812409	63.6473608382819	Q20220830092916	
209	289473.05953345	4214921.76469916	63.4789390963074	Q20220830092916	
210	289622.013493416	4214854.75127424	63.3105173543329	Q20220830092916	
211	289770.967453382	4214787.73784932	63.1420956123584	Q20220830092916	
212	289919.921413348	4214720.7244244	62.9736738703839	Q20220830092916	
213	290118.350449305	4214631.45248221	62.7493108262463	Q20220830092916	
214	290277.223124554	4214593.53708467	62.6760710958338	Q20220830092916	
215	290436.095799803	4214555.62168714	62.6028313654214	Q20220830092916	
216	290594.968475052	4214517.7062896	62.5295916350089	Q20220830092916	
217	290753.841150301	4214479.79089207	62.4563519045964	Q20220830092916	
218	290912.71382555	4214441.87549453	62.3831121741839	Q20220830092916	
219	291071.586500799	4214403.960097	62.3098724437714	Q20220830092916	
220	291230.459176048	4214366.04469946	62.2366327133589	Q20220830092916	
221	291389.331851297	4214328.12930193	62.1633929829465	Q20220830092916	
222	291548.204526546	4214290.21390439	62.090153252534	Q20220830092916	
223	291707.077201795	4214252.29850686	62.0169135221215	Q20220830092916	
224	291865.949877043	4214214.38310932	61.943673791709	Q20220830092916	
225	292024.822552292	4214176.46771179	61.8704340612965	Q20220830092916	
226	292183.695227541	4214138.55231425	61.7971943308841	Q20220830092916	
227	292342.56790279	4214100.63691672	61.7239546004716	Q20220830092916	
228	292501.440578039	4214062.72151918	61.6507148700591	Q20220830092916	
229	292660.313253288	4214024.80612165	61.5774751396466	Q20220830092916	
230	292819.185928537	4213986.89072411	61.5042354092341	Q20220830092916	
231	292978.058603786	4213948.97532658	61.4309956788216	Q20220830092916	
232	293136.931279035	4213911.05992904	61.3577559484092	Q20220830092916	
233	293295.803954284	4213873.14453151	61.2845162179967	Q20220830092916	
234	293454.676629533	4213835.22913397	61.2112764875842	Q20220830092916	
235	293613.549304782	4213797.31373644	61.1380367571717	Q20220830092916	
236	293772.421980031	4213759.3983389	61.0647970267592	Q20220830092916	
237	293931.29465528	4213721.48294137	60.9915572963468	Q20220830092916	
238	294090.167330529	4213683.56754383	60.9183175659343	Q20220830092916	
239	294249.040005778	4213645.6521463	60.8450778355218	Q20220830092916	
240	294407.912681027	4213607.73674876	60.7718381051093	Q20220830092916	
241	294566.785356276	4213569.82135123	60.6985983746968	Q20220830092916	
242	294725.658031525	4213531.90595369	60.6253586442843	Q20220830092916	
243	294884.530706773	4213493.99055616	60.5521189138719	Q20220830092916	
244	295043.403382022	4213456.07515862	60.4788791834594	Q20220830092916	
245	295202.276057271	4213418.15976109	60.4056394530469	Q20220830092916	
246	295361.14873252	4213380.24436355	60.3323997226344	Q20220830092916	
247	295520.021407769	4213342.32896602	60.2591599922219	Q20220830092916	
248	295678.894083018	4213304.41356848	60.1859202618095	Q20220830092916	
249	295837.766758267	4213266.49817095	60.112680531397	Q20220830092916	
250	295996.639433516	4213228.58277341	60.0394408009845	Q20220830092916	
251	296155.512108765	4213190.66737588	59.966201070572	Q20220830092916	
252	296314.384784014	4213152.75197834	59.8929613401595	Q20220830092916	
253	296473.257459263	4213114.83658081	59.819721609747	Q20220830092916	
254	296632.130134512	4213076.92118327	59.7464818793346	Q20220830092916	
255	296791.002809761	4213039.00578574	59.6732421489221	Q20220830092916	
256	296949.87548501	4213001.0903882	59.6000024185096	Q20220830092916	
257	297108.748160259	4212963.17499067	59.5267626880971	Q20220830092916	
258	297267.620835508	4212925.25959313	59.4535229576846	Q20220830092916	
259	297426.493510757	4212887.3441956	59.3802832272722	Q20220830092916	
260	297585.366186006	4212849.42879806	59.3070434968597	Q20220830092916	
261	297744.238861254	4212811.51340052	59.2338037664472	Q20220830092916	
262	297903.111536503	4212773.59800299	59.1605640360347	Q20220830092916	
263	298061.984211752	4212735.68260545	59.0873243056222	Q20220830092916	
264	298220.856887001	4212697.76720792	59.0140845752098	Q20220830092916	
265	298379.72956225	4212659.85181038	58.9408448447973	Q20220830092916	
266	298538.602237499	4212621.93641285	58.8676051143848	Q20220830092916	
267	298697.474912748	4212584.02101531	58.7943653839723	Q20220830092916	
268	298856.347587997	4212546.10561778	58.7211256535598	Q20220830092916	
269	299015.220263246	4212508.19022024	58.6478859231473	Q20220830092916	
270	299174.092938495	4212470.27482271	58.5746461927349	Q20220830092916	
271	299332.965613744	4212432.35942517	58.5014064623224	Q20220830092916	
272	299491.838288993	4212394.44402764	58.4281667319099	Q20220830092916	
273	299650.710964242	4212356.5286301	58.3549270014974	Q20220830092916	
274	299809.583639491	4212318.61323257	58.2816872710849	Q20220830092916	
275	299968.45631474	4212280.69783503	58.2084475406725	Q20220830092916	
276	300127.328989989	4212242.7824375	58.13520781026	Q20220830092916	
277	300286.201665238	4212204.86703996	58.0619680798475	Q20220830092916	
278	300445.074340487	4212166.95164243	57.988728349435	Q20220830092916	
279	300603.947015736	4212129.03624489	57.9154886190225	Q20220830092916	
280	300762.819690984	4212091.12084736	57.84224888861	Q20220830092916	
281	300921.692366233	4212053.20544982	57.7690091581976	Q20220830092916	
282	301080.565041482	4212015.29005229	57.6957694277851	Q20220830092916	
283	301239.437716731	4211977.37465475	57.6225296973726	Q20220830092916	
284	301398.31039198	4211939.45925722	57.5492899669601	Q20220830092916	
285	301557.183067229	4211901.54385968	57.4760502365476	Q20220830092916	
286	301716.055742478	4211863.62846215	57.4028105061352	Q20220830092916	
287	301874.928417727	4211825.71306461	57.3295707757227	Q20220830092916	
288	302033.801092976	4211787.79766708	57.2563310453102	Q20220830092916	
289	302192.673768225	4211749.88226954	57.1830913148977	Q20220830092916	
290	302351.546443474	4211711.96687201	57.1098515844852	Q20220830092916	
291	302510.419118723	4211674.05147447	57.0366118540727	Q20220830092916	
292	302669.291793972	4211636.13607694	56.9633721236603	Q20220830092916	
293	302828.164469221	4211598.2206794	56.8901323932478	Q20220830092916	
294	302987.03714447	4211560.30528187	56.8168926628353	Q20220830092916	
295	303145.909819719	4211522.38988433	56.7436529324228	Q20220830092916	
296	303304.782494968	4211484.4744868	56.6704132020103	Q20220830092916	
297	303463.655170217	4211446.55908926	56.5971734715978	Q20220830092916	
298	303622.527845466	4211408.64369173	56.5239337411853	Q20220830092916	
299	303781.400520715	4211370.72829419	56.4506940107728	Q20220830092916	
300	303940.273195964	4211332.81289666	56.3774542803602	Q20220830092916	
301	304099.145871213	4211294.89749912	56.3042145499477	Q20220830092916	
302	304365.777323439	4211231.26517537	56.181298411915	Q20220830092916	
303	304529.109722081	4211230.50114673	55.9500212755996	Q20220830092916	
304	304692.442120724	4211229.73711809	55.7187441392841	Q20220830092916	
305	304855.774519366	4211228.97308945	55.4874670029687	Q20220830092916	
306	305019.106918008	4211228.2090608	55.2561898666532	Q20220830092916	
307	305182.43931665	4211227.44503216	55.0249127303378	Q20220830092916	
308	305345.771715292	4211226.68100352	54.7936355940223	Q20220830092916	
309	305509.104113934	4211225.91697488	54.5623584577069	Q20220830092916	
310	305672.436512576	4211225.15294623	54.3310813213914	Q20220830092916	
311	305835.768911218	4211224.38891759	54.099804185076	Q20220830092916	
312	305999.10130986	4211223.62488895	53.8685270487605	Q20220830092916	
313	306162.433708502	4211222.86086031	53.6372499124451	Q20220830092916	
314	306325.766107144	4211222.09683167	53.4059727761296	Q20220830092916	
315	306489.098505787	4211221.33280302	53.1746956398142	Q20220830092916	
316	306652.430904429	4211220.56877438	52.9434185034987	Q20220830092916	
317	306815.763303071	4211219.80474574	52.7121413671833	Q20220830092916	
318	306979.095701713	4211219.0407171	52.4808642308679	Q20220830092916	
319	307142.428100355	4211218.27668845	52.2495870945524	Q20220830092916	
320	307305.760498997	4211217.51265981	52.018309958237	Q20220830092916	
321	307469.092897639	4211216.74863117	51.7870328219215	Q20220830092916	
322	307632.425296281	4211215.98460253	51.5557556856061	Q20220830092916	
323	307795.757694923	4211215.22057388	51.3244785492906	Q20220830092916	
324	307959.090093565	4211214.45654524	51.0932014129752	Q20220830092916	
325	308122.422492207	4211213.6925166	50.8619242766597	Q20220830092916	
326	308285.754890849	4211212.92848795	50.6306471403443	Q20220830092916	
327	308449.087289492	4211212.16445931	50.3993700040288	Q20220830092916	
328	308612.419688134	4211211.40043067	50.1680928677134	Q20220830092916	
329	308775.752086776	4211210.63640203	49.9368157313979	Q20220830092916	
330	308939.084485418	4211209.87237338	49.7055385950825	Q20220830092916	
331	309102.41688406	4211209.10834474	49.474261458767	Q20220830092916	
332	309265.749282702	4211208.3443161	49.2429843224516	Q20220830092916	
333	309429.081681344	4211207.58028746	49.0117071861361	Q20220830092916	
334	309592.414079986	4211206.81625881	48.7804300498207	Q20220830092916	
335	309755.746478628	4211206.05223017	48.5491529135052	Q20220830092916	
336	309919.07887727	4211205.28820153	48.3178757771898	Q20220830092916	
337	310082.411275912	4211204.52417288	48.0865986408743	Q20220830092916	
338	310245.743674555	4211203.76014424	47.8553215045589	Q20220830092916	
339	310409.076073197	4211202.9961156	47.6240443682434	Q20220830092916	
340	310572.408471839	4211202.23208696	47.392767231928	Q20220830092916	
341	310735.740870481	4211201.46805831	47.1614900956125	Q20220830092916	
342	310899.073269123	4211200.70402967	46.9302129592971	Q20220830092916	
343	311062.405667765	4211199.94000103	46.6989358229816	Q20220830092916	
344	311225.738066407	4211199.17597238	46.4676586866662	Q20220830092916	
345	311389.070465049	4211198.41194374	46.2363815503508	Q20220830092916	
346	311552.402863691	4211197.6479151	46.0051044140353	Q20220830092916	
347	311715.735262333	4211196.88388646	45.7738272777199	Q20220830092916	
348	311879.067660975	4211196.11985781	45.5425501414044	Q20220830092916	
349	312042.400059617	4211195.35582917	45.311273005089	Q20220830092916	
350	312205.73245826	4211194.59180053	45.0799958687735	Q20220830092916	
351	312369.064856902	4211193.82777189	44.8487187324581	Q20220830092916	
352	312532.397255544	4211193.06374324	44.6174415961426	Q20220830092916	
353	312695.729654186	4211192.2997146	44.3861644598272	Q20220830092916	
354	312859.062052828	4211191.53568596	44.1548873235117	Q20220830092916	
355	313022.39445147	4211190.77165731	43.9236101871963	Q20220830092916	
356	313185.726850112	4211190.00762867	43.6923330508808	Q20220830092916	
357	313404.612649511	4211188.98373493	43.3823928229413	Q20220830092916	
358	313567.426289759	4211175.9519209	43.3755285417259	Q20220830092916	
359	313730.239930007	4211162.92010686	43.3686642605106	Q20220830092916	
360	313893.053570256	4211149.88829283	43.3617999792952	Q20220830092916	
361	314055.867210504	4211136.85647879	43.3549356980798	Q20220830092916	
362	314218.680850752	4211123.82466476	43.3480714168644	Q20220830092916	
363	314381.494491	4211110.79285072	43.341207135649	Q20220830092916	
364	314544.308131249	4211097.76103669	43.3343428544336	Q20220830092916	
365	314707.121771497	4211084.72922265	43.3274785732182	Q20220830092916	
366	314869.935411745	4211071.69740862	43.3206142920029	Q20220830092916	
367	315032.749051993	4211058.66559458	43.3137500107875	Q20220830092916	
368	315195.562692242	4211045.63378055	43.3068857295721	Q20220830092916	
369	315358.37633249	4211032.60196651	43.3000214483567	Q20220830092916	
370	315521.189972738	4211019.57015248	43.2931571671413	Q20220830092916	
371	315684.003612986	4211006.53833844	43.286292885926	Q20220830092916	
372	315846.817253235	4210993.50652441	43.2794286047106	Q20220830092916	
373	316009.630893483	4210980.47471037	43.2725643234952	Q20220830092916	
374	316172.444533731	4210967.44289634	43.2657000422798	Q20220830092916	
375	316335.25817398	4210954.4110823	43.2588357610644	Q20220830092916	
376	316498.071814228	4210941.37926827	43.251971479849	Q20220830092916	
377	316660.885454476	4210928.34745423	43.2451071986337	Q20220830092916	
378	316823.699094725	4210915.3156402	43.2382429174183	Q20220830092916	
379	316986.512734973	4210902.28382616	43.2313786362029	Q20220830092916	
380	317149.326375221	4210889.25201213	43.2245143549875	Q20220830092916	
381	317312.14001547	4210876.22019809	43.2176500737721	Q20220830092916	
382	317474.953655718	4210863.18838406	43.2107857925567	Q20220830092916	
383	317637.767295966	4210850.15657002	43.2039215113414	Q20220830092916	
384	317800.580936215	4210837.12475599	43.197057230126	Q20220830092916	
385	317963.394576463	4210824.09294195	43.1901929489106	Q20220830092916	
386	318126.208216711	4210811.06112792	43.1833286676952	Q20220830092916	
387	318289.02185696	4210798.02931388	43.1764643864798	Q20220830092916	
388	318451.835497208	4210784.99749985	43.1696001052644	Q20220830092916	
389	318614.649137456	4210771.96568581	43.1627358240491	Q20220830092916	
390	318777.462777704	4210758.93387178	43.1558715428337	Q20220830092916	
391	318940.276417953	4210745.90205774	43.1490072616183	Q20220830092916	
392	319103.090058201	4210732.87024371	43.1421429804029	Q20220830092916	
393	319265.903698449	4210719.83842967	43.1352786991875	Q20220830092916	
394	319428.717338698	4210706.80661564	43.1284144179721	Q20220830092916	
395	319591.530978946	4210693.7748016	43.1215501367568	Q20220830092916	
396	319754.344619194	4210680.74298757	43.1146858555414	Q20220830092916	
397	319917.158259443	4210667.71117353	43.107821574326	Q20220830092916	
398	320079.971899691	4210654.6793595	43.1009572931106	Q20220830092916	
399	320242.785539939	4210641.64754547	43.0940930118952	Q20220830092916	
400	320405.599180188	4210628.61573143	43.0872287306798	Q20220830092916	
401	320568.412820436	4210615.5839174	43.0803644494645	Q20220830092916	
402	320761.748061516	4210600.10911501	43.0722133666584	Q20220830092916	
403	320924.803455278	4210590.56719733	43.0653440451913	Q20220830092916	
404	321087.85884904	4210581.02527965	43.0584747237241	Q20220830092916	
405	321250.914242802	4210571.48336197	43.0516054022569	Q20220830092916	
406	321413.969636564	4210561.94144429	43.0447360807897	Q20220830092916	
407	321577.025030325	4210552.39952661	43.0378667593225	Q20220830092916	
408	321740.080424087	4210542.85760893	43.0309974378553	Q20220830092916	
409	322001.123901007	4210527.58147908	43.02	Q20220830092916	
410	322163.878715764	4210513.83480227	42.9260593324397	Q20220830092923	
411	322326.633530521	4210500.08812545	42.8321186648794	Q20220830092923	
412	322489.388345279	4210486.34144863	42.7381779973191	Q20220830092923	
413	322652.143160036	4210472.59477181	42.6442373297588	Q20220830092923	
414	322814.897974793	4210458.84809499	42.5502966621985	Q20220830092923	
415	322977.65278955	4210445.10141817	42.4563559946382	Q20220830092923	
416	323140.407604307	4210431.35474136	42.362415327078	Q20220830092923	
417	323303.162419065	4210417.60806454	42.2684746595177	Q20220830092923	
418	323465.917233822	4210403.86138772	42.1745339919574	Q20220830092923	
419	323628.672048579	4210390.1147109	42.0805933243971	Q20220830092923	
420	323791.426863336	4210376.36803408	41.9866526568368	Q20220830092923	
421	323954.181678094	4210362.62135726	41.8927119892765	Q20220830092923	
422	324116.936492851	4210348.87468044	41.7987713217162	Q20220830092923	
423	324279.691307608	4210335.12800363	41.7048306541559	Q20220830092923	
424	324442.446122365	4210321.38132681	41.6108899865956	Q20220830092923	
425	324605.200937123	4210307.63464999	41.5169493190353	Q20220830092923	
426	324767.95575188	4210293.88797317	41.423008651475	Q20220830092923	
427	324930.710566637	4210280.14129635	41.3290679839147	Q20220830092923	
428	325093.465381394	4210266.39461953	41.2351273163544	Q20220830092923	
429	325256.220196152	4210252.64794272	41.1411866487941	Q20220830092923	
430	325418.975010909	4210238.9012659	41.0472459812338	Q20220830092923	
431	325581.729825666	4210225.15458908	40.9533053136735	Q20220830092923	
432	325744.484640424	4210211.40791226	40.8593646461132	Q20220830092923	
433	325907.239455181	4210197.66123544	40.7654239785528	Q20220830092923	
434	326069.994269938	4210183.91455862	40.6714833109925	Q20220830092923	
435	326232.749084695	4210170.16788181	40.5775426434322	Q20220830092923	
436	326395.503899453	4210156.42120499	40.4836019758719	Q20220830092923	
437	326558.25871421	4210142.67452817	40.3896613083116	Q20220830092923	
438	326782.900530832	4210123.70072111	40.26	Q20220830092923	
439	326940.129118953	4210079.45956177	40.236074422154	Q20220830092923	
440	327097.357707074	4210035.21840242	40.212148844308	Q20220830092923	
441	327254.586295195	4209990.97724308	40.1882232664619	Q20220830092923	
442	327411.814883316	4209946.73608374	40.1642976886159	Q20220830092923	
443	327569.043471437	4209902.49492439	40.1403721107699	Q20220830092923	
444	327726.272059558	4209858.25376505	40.1164465329239	Q20220830092923	
445	327883.500647679	4209814.0126057	40.0925209550778	Q20220830092923	
446	328040.7292358	4209769.77144636	40.0685953772318	Q20220830092923	
447	328197.95782392	4209725.53028702	40.0446697993858	Q20220830092923	
448	328355.186412041	4209681.28912767	40.0207442215398	Q20220830092923	
449	328512.415000162	4209637.04796833	39.9968186436938	Q20220830092923	
450	328669.643588283	4209592.80680898	39.9728930658477	Q20220830092923	
451	328826.872176404	4209548.56564964	39.9489674880017	Q20220830092923	
452	328984.100764525	4209504.3244903	39.9250419101557	Q20220830092923	
453	329141.329352646	4209460.08333095	39.9011163323097	Q20220830092923	
454	329298.557940767	4209415.84217161	39.8771907544636	Q20220830092923	
455	329455.786528888	4209371.60101226	39.8532651766176	Q20220830092923	
456	329613.015117009	4209327.35985292	39.8293395987716	Q20220830092923	
457	329770.24370513	4209283.11869358	39.8054140209256	Q20220830092923	
458	329927.472293251	4209238.87753423	39.7814884430796	Q20220830092923	
459	330084.700881372	4209194.63637489	39.7575628652335	Q20220830092923	
460	330241.929469493	4209150.39521554	39.7336372873875	Q20220830092923	
461	330399.158057614	4209106.1540562	39.7097117095415	Q20220830092923	
462	330556.386645735	4209061.91289685	39.6857861316955	Q20220830092923	
463	330713.615233856	4209017.67173751	39.6618605538495	Q20220830092923	
464	330870.843821977	4208973.43057817	39.6379349760034	Q20220830092923	
465	331028.072410098	4208929.18941882	39.6140093981574	Q20220830092923	
466	331185.300998219	4208884.94825948	39.5900838203114	Q20220830092923	
467	331342.52958634	4208840.70710013	39.5661582424654	Q20220830092923	
468	331499.758174461	4208796.46594079	39.5422326646193	Q20220830092923	
469	331656.986762581	4208752.22478145	39.5183070867733	Q20220830092923	
470	331814.215350702	4208707.9836221	39.4943815089273	Q20220830092923	
471	331971.443938823	4208663.74246276	39.4704559310813	Q20220830092923	
472	332128.672526944	4208619.50130341	39.4465303532353	Q20220830092923	
473	332285.901115065	4208575.26014407	39.4226047753892	Q20220830092923	
474	332443.129703186	4208531.01898473	39.3986791975432	Q20220830092923	
475	332600.358291307	4208486.77782538	39.3747536196972	Q20220830092923	
476	332757.586879428	4208442.53666604	39.3508280418512	Q20220830092923	
477	332914.815467549	4208398.29550669	39.3269024640052	Q20220830092923	
478	333072.04405567	4208354.05434735	39.3029768861592	Q20220830092923	
479	333229.27264379	4208309.81318801	39.2790513083131	Q20220830092923	
480	333386.501231911	4208265.57202866	39.2551257304671	Q20220830092923	
481	333543.729820032	4208221.33086932	39.2312001526211	Q20220830092923	
482	333700.958408153	4208177.08970997	39.2072745747751	Q20220830092923	
483	334011.626543056	4208089.67355605	39.16	Q20220830092923	
484	334168.291234859	4208043.47546958	39.0156956618921	Q20220830092923	
485	334324.955926661	4207997.2773831	38.8713913237843	Q20220830092923	
486	334481.620618463	4207951.07929663	38.7270869856764	Q20220830092923	
487	334638.285310265	4207904.88121016	38.5827826475685	Q20220830092923	
488	334794.950002067	4207858.68312368	38.4384783094607	Q20220830092923	
489	334951.61469387	4207812.48503721	38.2941739713528	Q20220830092923	
490	335108.279385672	4207766.28695074	38.1498696332449	Q20220830092923	
491	335264.944077474	4207720.08886426	38.0055652951371	Q20220830092923	
492	335421.608769276	4207673.89077779	37.8612609570292	Q20220830092923	
493	335578.273461079	4207627.69269132	37.7169566189214	Q20220830092923	
494	335734.938152881	4207581.49460484	37.5726522808135	Q20220830092923	
495	335891.602844683	4207535.29651837	37.4283479427056	Q20220830092923	
496	336048.267536485	4207489.0984319	37.2840436045978	Q20220830092923	
497	336204.932228288	4207442.90034542	37.1397392664899	Q20220830092923	
498	336361.59692009	4207396.70225895	36.995434928382	Q20220830092923	
499	336518.261611892	4207350.50417247	36.8511305902742	Q20220830092923	
500	336674.926303694	4207304.306086	36.7068262521663	Q20220830092923	
501	336831.590995496	4207258.10799953	36.5625219140585	Q20220830092923	
502	336988.255687299	4207211.90991305	36.4182175759506	Q20220830092923	
503	337144.920379101	4207165.71182658	36.2739132378427	Q20220830092923	
504	337301.585070903	4207119.51374011	36.1296088997349	Q20220830092923	
505	337458.249762705	4207073.31565363	35.985304561627	Q20220830092923	
506	337614.914454508	4207027.11756716	35.8410002235192	Q20220830092923	
507	337771.57914631	4206980.91948069	35.6966958854113	Q20220830092923	
508	337928.243838112	4206934.72139421	35.5523915473035	Q20220830092923	
509	338084.908529914	4206888.52330774	35.4080872091956	Q20220830092923	
510	338241.573221717	4206842.32522126	35.2637828710878	Q20220830092923	
511	338398.237913519	4206796.12713479	35.1194785329799	Q20220830092923	
512	338554.902605321	4206749.92904832	34.9751741948721	Q20220830092923	
513	338711.567297123	4206703.73096184	34.8308698567643	Q20220830092923	
514	338868.231988925	4206657.53287537	34.6865655186565	Q20220830092923	
515	339024.896680728	4206611.3347889	34.5422611805486	Q20220830092923	
516	339287.908684968	4206533.77646241	34.3	Q20220830092923	
517	339444.693190203	4206487.98668072	34.1435196841009	Q20220830092923	
518	339601.477695438	4206442.19689903	33.9870393682018	Q20220830092923	
519	339758.262200672	4206396.40711734	33.8305590523027	Q20220830092923	
520	339915.046705907	4206350.61733565	33.6740787364036	Q20220830092923	
521	340071.831211142	4206304.82755396	33.5175984205045	Q20220830092923	
522	340228.615716377	4206259.03777227	33.3611181046053	Q20220830092923	
523	340385.400221612	4206213.24799058	33.2046377887062	Q20220830092923	
524	340542.184726847	4206167.45820889	33.0481574728071	Q20220830092923	
525	340698.969232082	4206121.6684272	32.891677156908	Q20220830092923	
526	340855.753737316	4206075.87864551	32.7351968410089	Q20220830092923	
527	341012.538242551	4206030.08886382	32.5787165251098	Q20220830092923	
528	341169.322747786	4205984.29908213	32.4222362092107	Q20220830092923	
529	341326.107253021	4205938.50930044	32.2657558933116	Q20220830092923	
530	341482.891758256	4205892.71951875	32.1092755774125	Q20220830092923	
531	341639.676263491	4205846.92973706	31.9527952615134	Q20220830092923	
532	341796.460768726	4205801.13995537	31.7963149456143	Q20220830092923	
533	341953.24527396	4205755.35017368	31.6398346297152	Q20220830092923	
534	342110.029779195	4205709.56039199	31.4833543138161	Q20220830092923	
535	342266.81428443	4205663.7706103	31.326873997917	Q20220830092923	
536	342423.598789665	4205617.98082861	31.1703936820179	Q20220830092923	
537	342580.3832949	4205572.19104692	31.0139133661188	Q20220830092923	
538	342737.167800135	4205526.40126523	30.8574330502197	Q20220830092923	
539	342893.95230537	4205480.61148354	30.7009527343206	Q20220830092923	
540	343050.736810604	4205434.82170185	30.5444724184214	Q20220830092923	
541	343207.521315839	4205389.03192016	30.3879921025224	Q20220830092923	
542	343364.305821074	4205343.24213847	30.2315117866232	Q20220830092923	
543	343521.090326309	4205297.45235678	30.0750314707242	Q20220830092923	
544	343677.874831544	4205251.66257509	29.9185511548251	Q20220830092923	
545	343834.659336779	4205205.8727934	29.762070838926	Q20220830092923	
546	343991.443842014	4205160.08301171	29.6055905230269	Q20220830092923	
547	344247.5312193	4205085.29127714	29.35	Q20220830092923	
548	344410.068212635	4205101.41066801	29.3233400650899	Q20220830092923	
549	344572.60520597	4205117.53005887	29.2966801301798	Q20220830092923	
550	344735.142199305	4205133.64944974	29.2700201952697	Q20220830092923	
551	344897.67919264	4205149.76884061	29.2433602603596	Q20220830092923	
552	345060.216185975	4205165.88823147	29.2167003254495	Q20220830092923	
553	345222.75317931	4205182.00762234	29.1900403905394	Q20220830092923	
554	345385.290172645	4205198.12701321	29.1633804556293	Q20220830092923	
555	345547.82716598	4205214.24640408	29.1367205207192	Q20220830092923	
556	345710.364159315	4205230.36579494	29.1100605858091	Q20220830092923	
557	345872.90115265	4205246.48518581	29.083400650899	Q20220830092923	
558	346035.438145985	4205262.60457668	29.0567407159889	Q20220830092923	
559	346197.97513932	4205278.72396754	29.0300807810787	Q20220830092923	
560	346360.512132655	4205294.84335841	29.0034208461686	Q20220830092923	
561	346523.04912599	4205310.96274928	28.9767609112585	Q20220830092923	
562	346685.586119325	4205327.08214014	28.9501009763484	Q20220830092923	
563	346848.12311266	4205343.20153101	28.9234410414383	Q20220830092923	
564	347010.660105995	4205359.32092188	28.8967811065282	Q20220830092923	
565	347173.19709933	4205375.44031274	28.8701211716181	Q20220830092923	
566	347335.734092665	4205391.55970361	28.843461236708	Q20220830092923	
567	347498.271086	4205407.67909448	28.8168013017979	Q20220830092923	
568	347660.808079335	4205423.79848534	28.7901413668878	Q20220830092923	
569	347823.34507267	4205439.91787621	28.7634814319777	Q20220830092923	
570	347985.882066005	4205456.03726708	28.7368214970676	Q20220830092923	
571	348148.41905934	4205472.15665794	28.7101615621575	Q20220830092923	
572	348310.956052675	4205488.27604881	28.6835016272474	Q20220830092923	
573	348473.49304601	4205504.39543968	28.6568416923373	Q20220830092923	
574	348636.030039345	4205520.51483054	28.6301817574272	Q20220830092923	
575	348798.56703268	4205536.63422141	28.6035218225171	Q20220830092923	
576	348961.104026015	4205552.75361228	28.576861887607	Q20220830092923	
577	349123.64101935	4205568.87300314	28.5502019526969	Q20220830092923	
578	349286.178012685	4205584.99239401	28.5235420177868	Q20220830092923	
579	349448.71500602	4205601.11178488	28.4968820828767	Q20220830092923	
580	349611.251999355	4205617.23117574	28.4702221479666	Q20220830092923	
581	349773.78899269	4205633.35056661	28.4435622130565	Q20220830092923	
582	349936.325986025	4205649.46995748	28.4169022781464	Q20220830092923	
583	350098.86297936	4205665.58934835	28.3902423432363	Q20220830092923	
584	350261.399972695	4205681.70873921	28.3635824083262	Q20220830092923	
585	350423.93696603	4205697.82813008	28.3369224734161	Q20220830092923	
586	350586.473959365	4205713.94752095	28.310262538506	Q20220830092923	
587	350749.0109527	4205730.06691181	28.2836026035958	Q20220830092923	
588	350911.547946035	4205746.18630268	28.2569426686857	Q20220830092923	
589	351074.08493937	4205762.30569355	28.2302827337756	Q20220830092923	
590	351236.621932705	4205778.42508442	28.2036227988655	Q20220830092923	
591	351399.15892604	4205794.54447528	28.1769628639554	Q20220830092923	
592	351561.695919375	4205810.66386615	28.1503029290453	Q20220830092923	
593	351724.23291271	4205826.78325702	28.1236429941352	Q20220830092923	
594	351886.769906045	4205842.90264788	28.0969830592251	Q20220830092923	
595	352049.30689938	4205859.02203875	28.070323124315	Q20220830092923	
596	352211.843892715	4205875.14142962	28.0436631894049	Q20220830092923	
597	352374.38088605	4205891.26082049	28.0170032544948	Q20220830092923	
598	352536.917879385	4205907.38021135	27.9903433195847	Q20220830092923	
599	352699.45487272	4205923.49960222	27.9636833846746	Q20220830092923	
600	352861.991866055	4205939.61899309	27.9370234497645	Q20220830092923	
601	353024.52885939	4205955.73838396	27.9103635148544	Q20220830092923	
602	353187.065852725	4205971.85777482	27.8837035799443	Q20220830092923	
603	353349.60284606	4205987.97716569	27.8570436450342	Q20220830092923	
604	353512.139839395	4206004.09655656	27.8303837101241	Q20220830092923	
605	353674.67683273	4206020.21594742	27.803723775214	Q20220830092923	
606	353837.213826065	4206036.33533829	27.7770638403039	Q20220830092923	
607	353999.7508194	4206052.45472916	27.7504039053937	Q20220830092923	
608	354162.287812735	4206068.57412003	27.7237439704836	Q20220830092923	
609	354324.82480607	4206084.69351089	27.6970840355735	Q20220830092923	
610	354487.361799405	4206100.81290176	27.6704241006634	Q20220830092923	
611	354649.89879274	4206116.93229263	27.6437641657533	Q20220830092923	
612	354916.714744892	4206143.39341101	27.6	Q20220830092923	
613	355059.270619547	4206223.11748336	27.5324417612386	Q20220830092923	
614	355201.826494202	4206302.84155571	27.4648835224772	Q20220830092923	
615	355344.382368857	4206382.56562806	27.3973252837157	Q20220830092923	
616	355486.938243512	4206462.28970042	27.3297670449543	Q20220830092923	
617	355629.494118167	4206542.01377277	27.2622088061929	Q20220830092923	
618	355772.049992823	4206621.73784512	27.1946505674315	Q20220830092923	
619	355914.605867478	4206701.46191747	27.1270923286701	Q20220830092923	
620	356057.161742133	4206781.18598982	27.0595340899087	Q20220830092923	
621	356199.717616788	4206860.91006217	26.9919758511472	Q20220830092923	
622	356342.273491443	4206940.63413452	26.9244176123858	Q20220830092923	
623	356484.829366098	4207020.35820687	26.8568593736244	Q20220830092923	
624	356627.385240753	4207100.08227922	26.789301134863	Q20220830092923	
625	356769.941115409	4207179.80635158	26.7217428961016	Q20220830092923	
626	356912.496990064	4207259.53042393	26.6541846573402	Q20220830092923	
627	357055.052864719	4207339.25449628	26.5866264185787	Q20220830092923	
628	357197.608739374	4207418.97856863	26.5190681798173	Q20220830092923	
629	357340.164614029	4207498.70264098	26.4515099410559	Q20220830092923	
630	357482.720488684	4207578.42671333	26.3839517022945	Q20220830092923	
631	357625.276363339	4207658.15078568	26.3163934635331	Q20220830092923	
632	357767.832237995	4207737.87485803	26.2488352247717	Q20220830092923	
633	357910.38811265	4207817.59893038	26.1812769860103	Q20220830092923	
634	358081.89216667	4207913.51221101	26.1	Q20220830092923	
635	358242.880854536	4207885.93047967	26.0877447184199	Q20220830092923	
636	358403.869542402	4207858.34874832	26.0754894368398	Q20220830092923	
637	358564.858230268	4207830.76701698	26.0632341552597	Q20220830092923	
638	358797.975423163	4207790.8277152	26.0454880832967	Q20220830092923	
639	358959.970082499	4207769.95097197	26.0053176025446	Q20220830092923	
640	359121.964741835	4207749.07422873	25.9651471217925	Q20220830092923	
641	359283.959401171	4207728.1974855	25.9249766410404	Q20220830092923	
642	359445.954060506	4207707.32074227	25.8848061602883	Q20220830092923	
643	359607.948719842	4207686.44399903	25.8446356795362	Q20220830092923	
644	359769.943379178	4207665.5672558	25.8044651987841	Q20220830092923	
645	359931.938038514	4207644.69051256	25.764294718032	Q20220830092923	
646	360093.93269785	4207623.81376933	25.7241242372799	Q20220830092923	
647	360255.927357185	4207602.93702609	25.6839537565278	Q20220830092923	
648	360417.922016521	4207582.06028286	25.6437832757757	Q20220830092923	
649	360579.916675857	4207561.18353962	25.6036127950236	Q20220830092923	
650	360741.911335193	4207540.30679639	25.5634423142715	Q20220830092923	
651	360903.905994529	4207519.43005315	25.5232718335194	Q20220830092923	
652	361065.900653864	4207498.55330992	25.4831013527673	Q20220830092923	
653	361227.8953132	4207477.67656668	25.4429308720151	Q20220830092923	
654	361389.889972536	4207456.79982345	25.402760391263	Q20220830092923	
655	361551.884631872	4207435.92308022	25.3625899105109	Q20220830092923	
656	361713.879291208	4207415.04633698	25.3224194297588	Q20220830092923	
657	361875.873950543	4207394.16959375	25.2822489490067	Q20220830092923	
658	362037.868609879	4207373.29285051	25.2420784682546	Q20220830092923	
659	362199.863269215	4207352.41610728	25.2019079875025	Q20220830092923	
660	362361.857928551	4207331.53936404	25.1617375067504	Q20220830092923	
661	362523.852587887	4207310.66262081	25.1215670259983	Q20220830092923	
662	362685.847247223	4207289.78587758	25.0813965452462	Q20220830092923	
663	362847.841906558	4207268.90913434	25.041226064494	Q20220830092923	
664	363009.836565894	4207248.03239111	25.0010555837419	Q20220830092923	
665	363171.83122523	4207227.15564787	24.9608851029898	Q20220830092923	
666	363417.361309331	4207195.51344101	24.9	Q20220830092923	
667	334015.040213348	4207926.37513874	38.8711506965908	Q20220830094401	
668	334018.453883639	4207763.07672143	38.5823013931817	Q20220830094401	
669	334021.86755393	4207599.77830412	38.2934520897725	Q20220830094401	
670	334025.281224221	4207436.47988681	38.0046027863633	Q20220830094401	
671	334028.694894513	4207273.1814695	37.7157534829541	Q20220830094401	
672	334032.108564804	4207109.88305219	37.4269041795448	Q20220830094401	
673	334035.522235095	4206946.58463487	37.1380548761355	Q20220830094401	
674	334038.935905386	4206783.28621756	36.8492055727262	Q20220830094401	
675	334042.349575678	4206619.98780025	36.5603562693169	Q20220830094401	
676	334045.763245969	4206456.68938294	36.2715069659075	Q20220830094401	
677	334049.17691626	4206293.39096563	35.9826576624981	Q20220830094401	
678	334052.590586551	4206130.09254832	35.6938083590887	Q20220830094401	
679	334056.004256842	4205966.79413101	35.4049590556792	Q20220830094401	
680	334059.417927134	4205803.4957137	35.1161097522696	Q20220830094401	
681	334062.831597425	4205640.19729639	34.8272604488599	Q20220830094401	
682	334069.062851261	4205342.11523147	34.3	Q20220830094401	
683	363579.873223498	4207179.14319273	24.8510065186117	Q20220830094318	
684	363742.385137665	4207162.77294446	24.8020130372233	Q20220830094318	
685	363904.897051832	4207146.40269619	24.753019555835	Q20220830094318	
686	364067.408965999	4207130.03244791	24.7040260744467	Q20220830094318	
687	364229.920880166	4207113.66219964	24.6550325930583	Q20220830094318	
688	364473.945397842	4207089.08097457	24.5814649981753	Q20220830094318	
689	364636.432580476	4207072.46704203	24.5324699587293	Q20220830094318	
690	364798.91976311	4207055.8531095	24.4834749192832	Q20220830094318	
691	364961.406945744	4207039.23917696	24.4344798798371	Q20220830094318	
692	365123.894128378	4207022.62524443	24.3854848403911	Q20220830094318	
693	365286.381311012	4207006.01131189	24.336489800945	Q20220830094318	
694	365448.868493645	4206989.39737936	24.287494761499	Q20220830094318	
695	365611.355676279	4206972.78344682	24.2384997220529	Q20220830094318	
696	365773.842858913	4206956.16951429	24.1895046826068	Q20220830094318	
697	365936.330041547	4206939.55558175	24.1405096431608	Q20220830094318	
698	366098.817224181	4206922.94164922	24.0915146037147	Q20220830094318	
699	366261.304406815	4206906.32771668	24.0425195642687	Q20220830094318	
700	366423.791589448	4206889.71378415	23.9935245248226	Q20220830094318	
701	366586.278772082	4206873.09985161	23.9445294853766	Q20220830094318	
702	366748.765954716	4206856.48591908	23.8955344459305	Q20220830094318	
703	366911.25313735	4206839.87198654	23.8465394064844	Q20220830094318	
704	367073.740319984	4206823.25805401	23.7975443670384	Q20220830094318	
705	367236.227502618	4206806.64412147	23.7485493275923	Q20220830094318	
706	367398.714685251	4206790.03018894	23.6995542881462	Q20220830094318	
707	367561.201867885	4206773.4162564	23.6505592487002	Q20220830094318	
708	367723.689050519	4206756.80232387	23.6015642092541	Q20220830094318	
709	367886.176233153	4206740.18839134	23.5525691698081	Q20220830094318	
710	368048.663415787	4206723.5744588	23.503574130362	Q20220830094318	
711	368211.150598421	4206706.96052627	23.4545790909159	Q20220830094318	
712	368373.637781054	4206690.34659373	23.4055840514699	Q20220830094318	
713	368536.124963688	4206673.7326612	23.3565890120238	Q20220830094318	
714	368698.612146322	4206657.11872866	23.3075939725777	Q20220830094318	
715	368861.099328956	4206640.50479613	23.2585989331317	Q20220830094318	
716	369023.58651159	4206623.89086359	23.2096038936856	Q20220830094318	
717	369186.073694224	4206607.27693106	23.1606088542396	Q20220830094318	
718	369348.560876857	4206590.66299852	23.1116138147935	Q20220830094318	
719	369511.048059491	4206574.04906599	23.0626187753474	Q20220830094318	
720	369673.535242125	4206557.43513345	23.0136237359014	Q20220830094318	
721	369836.022424759	4206540.82120092	22.9646286964553	Q20220830094318	
722	369998.509607393	4206524.20726839	22.9156336570092	Q20220830094318	
723	370160.996790027	4206507.59333585	22.8666386175632	Q20220830094318	
724	370323.483972661	4206490.97940332	22.8176435781171	Q20220830094318	
725	370485.971155294	4206474.36547078	22.768648538671	Q20220830094318	
726	370648.458337928	4206457.75153825	22.719653499225	Q20220830094318	
727	370810.945520562	4206441.13760571	22.6706584597789	Q20220830094318	
728	370973.432703196	4206424.52367318	22.6216634203329	Q20220830094318	
729	371135.91988583	4206407.90974064	22.5726683808868	Q20220830094318	
730	371298.407068464	4206391.29580811	22.5236733414407	Q20220830094318	
731	371460.894251097	4206374.68187557	22.4746783019947	Q20220830094318	
732	371623.381433731	4206358.06794304	22.4256832625486	Q20220830094318	
733	371785.868616365	4206341.45401051	22.3766882231025	Q20220830094318	
734	371948.355798999	4206324.84007797	22.3276931836565	Q20220830094318	
735	372110.842981633	4206308.22614544	22.2786981442104	Q20220830094318	
736	372273.330164267	4206291.6122129	22.2297031047643	Q20220830094318	
737	372435.8173469	4206274.99828037	22.1807080653183	Q20220830094318	
738	372736.323407627	4206244.27224193	22.090095956348	Q20220830094318	
739	372899.21702563	4206232.28150578	22.0564016689251	Q20220830094318	
740	373062.110643634	4206220.29076962	22.0227073815022	Q20220830094318	
741	373225.004261637	4206208.30003347	21.9890130940793	Q20220830094318	
742	373387.897879641	4206196.30929731	21.9553188066564	Q20220830094318	
743	373550.791497644	4206184.31856116	21.9216245192335	Q20220830094318	
744	373713.685115647	4206172.32782501	21.8879302318105	Q20220830094318	
745	373876.578733651	4206160.33708885	21.8542359443876	Q20220830094318	
746	374039.472351654	4206148.3463527	21.8205416569647	Q20220830094318	
747	374202.365969658	4206136.35561654	21.7868473695418	Q20220830094318	
748	374365.259587661	4206124.36488039	21.7531530821189	Q20220830094318	
749	374528.153205664	4206112.37414424	21.7194587946959	Q20220830094318	
750	374691.046823668	4206100.38340808	21.685764507273	Q20220830094318	
751	374853.940441671	4206088.39267193	21.6520702198501	Q20220830094318	
752	375016.834059675	4206076.40193577	21.6183759324272	Q20220830094318	
753	375179.727677678	4206064.41119962	21.5846816450043	Q20220830094318	
754	375342.621295682	4206052.42046347	21.5509873575814	Q20220830094318	
755	375505.514913685	4206040.42972731	21.5172930701584	Q20220830094318	
756	375668.408531688	4206028.43899116	21.4835987827355	Q20220830094318	
757	375831.302149692	4206016.44825501	21.4499044953126	Q20220830094318	
758	375994.195767695	4206004.45751885	21.4162102078897	Q20220830094318	
759	376157.089385699	4205992.4667827	21.3825159204668	Q20220830094318	
760	376319.983003702	4205980.47604654	21.3488216330438	Q20220830094318	
761	376482.876621705	4205968.48531039	21.3151273456209	Q20220830094318	
762	376645.770239709	4205956.49457424	21.281433058198	Q20220830094318	
763	376808.663857712	4205944.50383808	21.2477387707751	Q20220830094318	
764	376971.557475716	4205932.51310193	21.2140444833522	Q20220830094318	
765	377134.451093719	4205920.52236577	21.1803501959293	Q20220830094318	
766	377297.344711722	4205908.53162962	21.1466559085063	Q20220830094318	
767	377460.238329726	4205896.54089347	21.1129616210834	Q20220830094318	
768	377623.131947729	4205884.55015731	21.0792673336605	Q20220830094318	
769	377786.025565733	4205872.55942116	21.0455730462376	Q20220830094318	
770	377948.919183736	4205860.568685	21.0118787588147	Q20220830094318	
771	378111.812801739	4205848.57794885	20.9781844713917	Q20220830094318	
772	378274.706419743	4205836.5872127	20.9444901839688	Q20220830094318	
773	378437.600037746	4205824.59647654	20.9107958965459	Q20220830094318	
774	378600.49365575	4205812.60574039	20.877101609123	Q20220830094318	
775	378763.387273753	4205800.61500423	20.8434073217001	Q20220830094318	
776	378926.280891756	4205788.62426808	20.8097130342772	Q20220830094318	
777	379089.17450976	4205776.63353193	20.7760187468543	Q20220830094318	
778	379252.068127763	4205764.64279577	20.7423244594313	Q20220830094318	
779	379414.961745767	4205752.65205962	20.7086301720084	Q20220830094318	
780	379577.85536377	4205740.66132347	20.6749358845855	Q20220830094318	
781	379740.748981774	4205728.67058731	20.6412415971626	Q20220830094318	
782	379903.642599777	4205716.67985116	20.6075473097397	Q20220830094318	
783	380066.53621778	4205704.689115	20.5738530223168	Q20220830094318	
784	380229.429835784	4205692.69837885	20.5401587348938	Q20220830094318	
785	380392.323453787	4205680.7076427	20.5064644474709	Q20220830094318	
786	380555.217071791	4205668.71690654	20.472770160048	Q20220830094318	
787	380718.110689794	4205656.72617039	20.4390758726251	Q20220830094318	
788	380881.004307797	4205644.73543423	20.4053815852022	Q20220830094318	
789	381043.897925801	4205632.74469808	20.3716872977793	Q20220830094318	
790	381328.885109822	4205611.7665519	20.3127381492002	Q20220830094318	
791	381491.964405595	4205602.64231443	20.2772979813918	Q20220830094318	
792	381655.043701368	4205593.51807697	20.2418578135834	Q20220830094318	
793	381818.12299714	4205584.3938395	20.206417645775	Q20220830094318	
794	381981.202292913	4205575.26960204	20.1709774779666	Q20220830094318	
795	382144.281588686	4205566.14536457	20.1355373101582	Q20220830094318	
796	382307.360884459	4205557.02112711	20.1000971423499	Q20220830094318	
797	382470.440180231	4205547.89688964	20.0646569745415	Q20220830094318	
798	382633.519476004	4205538.77265218	20.0292168067331	Q20220830094318	
799	382796.598771777	4205529.64841472	19.9937766389247	Q20220830094318	
800	382959.67806755	4205520.52417725	19.9583364711163	Q20220830094318	
801	383122.757363323	4205511.39993979	19.9228963033079	Q20220830094318	
802	383285.836659095	4205502.27570232	19.8874561354995	Q20220830094318	
803	383448.915954868	4205493.15146486	19.8520159676911	Q20220830094318	
804	383611.995250641	4205484.02722739	19.8165757998827	Q20220830094318	
805	383775.074546414	4205474.90298993	19.7811356320743	Q20220830094318	
806	383938.153842186	4205465.77875246	19.7456954642659	Q20220830094318	
807	384101.233137959	4205456.654515	19.7102552964575	Q20220830094318	
808	384264.312433732	4205447.53027753	19.6748151286491	Q20220830094318	
809	384427.391729505	4205438.40604007	19.6393749608407	Q20220830094318	
810	384590.471025277	4205429.2818026	19.6039347930323	Q20220830094318	
811	384753.55032105	4205420.15756514	19.5684946252239	Q20220830094318	
812	384916.629616823	4205411.03332767	19.5330544574155	Q20220830094318	
813	385079.708912596	4205401.90909021	19.4976142896071	Q20220830094318	
814	385242.788208369	4205392.78485274	19.4621741217987	Q20220830094318	
815	385405.867504141	4205383.66061528	19.4267339539903	Q20220830094318	
816	385568.946799914	4205374.53637781	19.3912937861819	Q20220830094318	
817	385732.026095687	4205365.41214035	19.3558536183735	Q20220830094318	
818	385895.105391459	4205356.28790288	19.3204134505651	Q20220830094318	
819	386058.184687232	4205347.16366542	19.2849732827567	Q20220830094318	
820	386221.263983005	4205338.03942795	19.2495331149483	Q20220830094318	
821	386384.343278777	4205328.91519049	19.2140929471399	Q20220830094318	
822	386547.42257455	4205319.79095302	19.1786527793315	Q20220830094318	
823	386710.501870323	4205310.66671556	19.1432126115232	Q20220830094318	
824	386873.581166096	4205301.54247809	19.1077724437148	Q20220830094318	
825	387094.306054522	4205289.19298709	19.0598048151556	Q20220830094318	
826	387257.1913948	4205277.0902793	19.0519609950757	Q20220830094318	
827	387420.076735079	4205264.98757151	19.0441171749958	Q20220830094318	
828	387582.962075358	4205252.88486372	19.036273354916	Q20220830094318	
829	387745.847415636	4205240.78215593	19.0284295348361	Q20220830094318	
830	387908.732755915	4205228.67944814	19.0205857147562	Q20220830094318	
831	388071.618096194	4205216.57674035	19.0127418946763	Q20220830094318	
832	388234.503436472	4205204.47403255	19.0048980745964	Q20220830094318	
833	388397.388776751	4205192.37132476	18.9970542545165	Q20220830094318	
834	388560.274117029	4205180.26861697	18.9892104344366	Q20220830094318	
835	388723.159457308	4205168.16590918	18.9813666143567	Q20220830094318	
836	388886.044797587	4205156.06320139	18.9735227942768	Q20220830094318	
837	389048.930137865	4205143.9604936	18.9656789741969	Q20220830094318	
838	389211.815478144	4205131.85778581	18.957835154117	Q20220830094318	
839	389374.700818423	4205119.75507802	18.9499913340371	Q20220830094318	
840	389537.586158701	4205107.65237023	18.9421475139573	Q20220830094318	
841	389700.47149898	4205095.54966244	18.9343036938774	Q20220830094318	
842	389863.356839258	4205083.44695465	18.9264598737975	Q20220830094318	
843	390026.242179537	4205071.34424686	18.9186160537176	Q20220830094318	
844	390189.127519816	4205059.24153907	18.9107722336377	Q20220830094318	
845	390352.012860094	4205047.13883128	18.9029284135578	Q20220830094318	
846	390514.898200373	4205035.03612349	18.8950845934779	Q20220830094318	
847	390677.783540651	4205022.9334157	18.887240773398	Q20220830094318	
848	390840.66888093	4205010.83070791	18.8793969533181	Q20220830094318	
849	391003.554221209	4204998.72800012	18.8715531332382	Q20220830094318	
850	391166.439561487	4204986.62529233	18.8637093131583	Q20220830094318	
851	391329.324901766	4204974.52258454	18.8558654930785	Q20220830094318	
852	391492.210242045	4204962.41987675	18.8480216729986	Q20220830094318	
853	391655.095582323	4204950.31716896	18.8401778529187	Q20220830094318	
854	391817.980922602	4204938.21446117	18.8323340328388	Q20220830094318	
855	391980.86626288	4204926.11175338	18.8244902127589	Q20220830094318	
856	392143.751603159	4204914.00904559	18.816646392679	Q20220830094318	
857	392306.636943437	4204901.9063378	18.8088025725991	Q20220830094318	
858	392469.522283716	4204889.80363001	18.8009587525192	Q20220830094318	
859	392632.407623995	4204877.70092222	18.7931149324393	Q20220830094318	
860	392795.292964273	4204865.59821443	18.7852711123594	Q20220830094318	
861	392958.178304552	4204853.49550664	18.7774272922795	Q20220830094318	
862	393121.06364483	4204841.39279885	18.7695834721996	Q20220830094318	
863	393320.074728	4204826.60587583	18.76	Q20220830094318	
864	393481.374873207	4204852.30359426	18.7500558985672	Q20220830094318	
865	393642.675018414	4204878.00131269	18.7401117971343	Q20220830094318	
866	393803.975163621	4204903.69903112	18.7301676957015	Q20220830094318	
867	393965.275308827	4204929.39674955	18.7202235942687	Q20220830094318	
868	394126.575454034	4204955.09446798	18.7102794928358	Q20220830094318	
869	394287.875599241	4204980.7921864	18.700335391403	Q20220830094318	
870	394449.175744448	4205006.48990483	18.6903912899701	Q20220830094318	
871	394610.475889655	4205032.18762326	18.6804471885373	Q20220830094318	
872	394771.776034862	4205057.88534169	18.6705030871045	Q20220830094318	
873	394933.076180069	4205083.58306012	18.6605589856716	Q20220830094318	
874	395094.376325275	4205109.28077855	18.6506148842388	Q20220830094318	
875	395255.676470482	4205134.97849697	18.6406707828059	Q20220830094318	
876	395416.976615689	4205160.6762154	18.6307266813731	Q20220830094318	
877	395578.276760896	4205186.37393383	18.6207825799403	Q20220830094318	
878	395739.576906103	4205212.07165226	18.6108384785074	Q20220830094318	
879	395900.87705131	4205237.76937069	18.6008943770746	Q20220830094318	
880	396062.177196517	4205263.46708912	18.5909502756417	Q20220830094318	
881	396223.477341723	4205289.16480755	18.5810061742089	Q20220830094318	
882	396384.77748693	4205314.86252597	18.5710620727761	Q20220830094318	
883	396546.077632137	4205340.5602444	18.5611179713432	Q20220830094318	
884	396707.377777344	4205366.25796283	18.5511738699104	Q20220830094318	
885	396868.677922551	4205391.95568126	18.5412297684776	Q20220830094318	
886	397029.978067758	4205417.65339969	18.5312856670447	Q20220830094318	
887	397191.278212965	4205443.35111812	18.5213415656119	Q20220830094318	
888	397352.578358172	4205469.04883654	18.511397464179	Q20220830094318	
889	397513.878503379	4205494.74655497	18.5014533627462	Q20220830094318	
890	397675.178648586	4205520.4442734	18.4915092613134	Q20220830094318	
891	397836.478793792	4205546.14199183	18.4815651598805	Q20220830094318	
892	397997.778938999	4205571.83971026	18.4716210584477	Q20220830094318	
893	398159.079084206	4205597.53742868	18.4616769570148	Q20220830094318	
894	398320.379229413	4205623.23514711	18.451732855582	Q20220830094318	
895	398481.67937462	4205648.93286554	18.4417887541492	Q20220830094318	
896	398642.979519827	4205674.63058397	18.4318446527163	Q20220830094318	
897	398835.107910307	4205705.2397398	18.42	Q20220830094318	
898	398929.905469491	4205838.24925768	18.3954846333506	Q20220830094318	
899	399024.703028675	4205971.25877556	18.3709692667013	Q20220830094318	
900	399119.500587858	4206104.26829344	18.3464539000519	Q20220830094318	
901	399214.298147042	4206237.27781133	18.3219385334025	Q20220830094318	
902	399309.095706225	4206370.28732921	18.2974231667532	Q20220830094318	
903	399403.893265409	4206503.29684709	18.2729078001038	Q20220830094318	
904	399498.690824592	4206636.30636497	18.2483924334544	Q20220830094318	
905	399593.488383776	4206769.31588285	18.2238770668051	Q20220830094318	
906	399688.28594296	4206902.32540073	18.1993617001557	Q20220830094318	
907	399783.083502143	4207035.33491861	18.1748463335063	Q20220830094318	
908	399877.881061327	4207168.34443649	18.1503309668569	Q20220830094318	
909	399972.678620511	4207301.35395437	18.1258156002075	Q20220830094318	
910	400067.476179695	4207434.36347225	18.1013002335581	Q20220830094318	
911	400162.273738878	4207567.37299014	18.0767848669086	Q20220830094318	
912	400304.515772118	4207766.95138041	18.04	Q20220830094318	
913	274206.752218801	4220606.49775919	73.88	Q20250816163920	
914	274363.371247818	4220560.14487983	73.88	Q20250816163920	
915	274519.990276835	4220513.79200048	73.88	Q20250816163920	
916	274676.609305853	4220467.43912112	73.88	Q20250816163920	
917	274833.22833487	4220421.08624176	73.88	Q20250816163920	
918	274989.847363887	4220374.7333624	73.88	Q20250816163920	
919	275146.466392904	4220328.38048305	73.88	Q20250816163920	
920	275303.085421921	4220282.02760369	73.88	Q20250816163920	
921	275609.984951027	4220191.19779241	73.88	Q20250816163920	
922	275772.544034195	4220175.30269396	73.88	Q20250816163920	
923	275935.103117363	4220159.40759551	73.88	Q20250816163920	
924	276097.66220053	4220143.51249706	73.88	Q20250816163920	
925	276290.808467891	4220124.62657032	73.88	Q20250816163920	
926	276450.051495998	4220088.29796349	73.88	Q20250816163920	
927	276609.294524104	4220051.96935665	73.88	Q20250816163920	
928	276768.537552211	4220015.64074982	73.88	Q20250816163920	
929	277001.035383925	4219962.600297	73.88	Q20250816163920	
930	277164.30531145	4219967.18728304	73.88	Q20250816163920	
931	277327.575238976	4219971.77426908	73.88	Q20250816163920	
932	277558.89276447	4219978.27301796	73.88	Q20250816163920	
933	277718.399075007	4220013.42762753	73.8800630326852	Q20250816163920	
934	277877.905385543	4220048.5822371	73.8801260653705	Q20250816163920	
935	266770.463356633	4234647.00047068	92.443	Q20251016164356	
936	266558.321435051	4234510.2095001	92.443	Q20251016164356	
937	290041.220473177	4214487.47652429	62.7492086874629	Q20251016164614	
938	289964.090497048	4214343.50056638	62.7491065486794	Q20251016164614	
939	289883.630393466	4214193.30837044	62.749	Q20251016164614	
940	313382.666446683	4211027.13048703	43.3822820005836	Q20251016164715	
941	313360.720243856	4210865.27723913	43.3821711782258	Q20251016164715	
942	313326.821740528	4210615.27577392	43.382	Q20251016164715	
943	344246.803367528	4204921.95854954	29.35	Q20251016164743	
944	344246.075515756	4204758.62582193	29.35	Q20251016164743	
945	344244.747648272	4204460.64726858	29.35	Q20251016164743	
946	344246.572499284	4204297.32311362	29.35	Q20251016164743	
947	344248.397350297	4204133.99895866	29.35	Q20251016164743	
948	344250.22220131	4203970.6748037	29.35	Q20251016164743	
949	344252.376112243	4203777.89978771	29.35	Q20251016164743	
950	358829.403314987	4207951.1099578	26.0453525389614	Q20251016164817	
951	358860.831206811	4208111.39220039	26.0452169946262	Q20251016164817	
952	358911.144512981	4208367.99005272	26.045	Q20251016164817	
953	372749.666719345	4206407.06064971	22.0900656054775	Q20251016164846	
954	372763.010031064	4206569.84905749	22.090035254607	Q20251016164846	
955	372778.509198049	4206758.93890031	22.09	Q20251016164846	
956	381340.73268127	4205774.67064861	20.3128193204851	Q20251016164908	
957	381352.580252717	4205937.57474532	20.31290049177	Q20251016164908	
958	381367.104241918	4206137.27958373	20.313	Q20251016164908	
959	280849.096398811	4219224.10146191	69.1460281108271	Q20251016164540	
960	280788.913296806	4219072.25909659	69.1460148118601	Q20251016164540	
961	280721.883754003	4218903.14311574	69.146	Q20251016164540	
962	272937.263446284	4224198.61820579	90.105	Q20260516121841	
963	272799.969323845	4224110.1397699	90.105	Q20260516121841	
964	272662.675201405	4224021.661334	90.105	Q20260516121841	
965	272472.859273968	4223899.33551211	90.105	Q20260516121841	
966	272324.928950538	4223830.09152981	90.105	Q20260516121841	
967	272176.998627109	4223760.84754751	90.105	Q20260516121841	
968	271987.814916215	4223672.29346863	90.105	Q20260516121841	
969	275663.642372718	4220800.63251483	89.262	Q20260516121621	
970	275948.923740876	4220901.03860532	89.262	Q20260516121621	
971	276099.245392906	4220964.92530665	89.262	Q20260516121621	
972	276249.567044936	4221028.81200797	89.262	Q20260516121621	
973	276479.070098381	4221126.35080448	89.262	Q20260516121621	
