;pt1	pt2	distance	type
0	1	163.334349342186930	Q20220830092903
1	0	163.334349342186930	Q20220830092903
1	2	163.334349342186930	Q20220830092903
2	1	163.334349342186930	Q20220830092903
2	3	165.005876799954110	Q20220830092903
3	2	165.005876799954110	Q20220830092903
3	4	163.334349342427370	Q20220830092903
4	3	163.334349342427370	Q20220830092903
4	5	163.334349342427370	Q20220830092903
5	4	163.334349342427370	Q20220830092903
5	6	163.334349342478990	Q20220830092903
6	5	163.334349342478990	Q20220830092903
6	7	163.334349342048140	Q20220830092903
7	6	163.334349342048140	Q20220830092903
7	8	163.334349342478990	Q20220830092903
8	7	163.334349342478990	Q20220830092903
8	9	163.334349342048140	Q20220830092903
9	8	163.334349342048140	Q20220830092903
9	10	163.334349342478990	Q20220830092903
10	9	163.334349342478990	Q20220830092903
10	11	163.334349342099760	Q20220830092903
11	10	163.334349342099760	Q20220830092903
11	12	304.741122562770100	Q20220830092903
12	11	304.741122562770100	Q20220830092903
12	13	163.334349341969070	Q20220830092903
13	12	163.334349341969070	Q20220830092903
13	14	163.334349341969070	Q20220830092903
14	13	163.334349341969070	Q20220830092903
14	15	163.334349341935960	Q20220830092903
15	14	163.334349341935960	Q20220830092903
15	16	163.334349341902850	Q20220830092903
16	15	163.334349341902850	Q20220830092903
16	17	163.334349342635760	Q20220830092903
17	16	163.334349342635760	Q20220830092903
17	18	195.048309296658740	Q20220830092903
18	17	195.048309296658740	Q20220830092903
18	19	163.334349342452240	Q20220830092903
18	935	260.325714098795230	Q20251016164356
19	18	163.334349342452240	Q20220830092903
19	20	163.334349342485610	Q20220830092903
20	19	163.334349342485610	Q20220830092903
20	21	163.334349342485610	Q20220830092903
21	20	163.334349342485610	Q20220830092903
21	22	277.227199980878990	Q20220830092903
22	21	277.227199980878990	Q20220830092903
22	23	163.334349342615920	Q20220830092903
23	22	163.334349342615920	Q20220830092903
23	24	163.334349341911690	Q20220830092903
24	23	163.334349341911690	Q20220830092903
24	25	163.334349342580540	Q20220830092903
25	24	163.334349342580540	Q20220830092903
25	26	163.334349341911690	Q20220830092903
26	25	163.334349341911690	Q20220830092903
26	27	238.619699433934640	Q20220830092903
27	26	238.619699433934640	Q20220830092903
27	28	163.334349342388830	Q20220830092903
28	27	163.334349342388830	Q20220830092903
28	29	163.334349342388830	Q20220830092903
29	28	163.334349342388830	Q20220830092903
29	30	163.334349342388830	Q20220830092903
30	29	163.334349342388830	Q20220830092903
30	31	295.635521318333470	Q20220830092903
31	30	295.635521318333470	Q20220830092903
31	32	163.334349342498910	Q20220830092903
32	31	163.334349342498910	Q20220830092903
32	33	163.334349342528610	Q20220830092903
33	32	163.334349342528610	Q20220830092903
33	34	163.334349342528610	Q20220830092903
34	33	163.334349342528610	Q20220830092903
34	35	163.334349342558280	Q20220830092903
35	34	163.334349342558280	Q20220830092903
35	36	163.334349342587980	Q20220830092903
36	35	163.334349342587980	Q20220830092903
36	37	184.015684388081720	Q20220830092903
37	36	184.015684388081720	Q20220830092903
37	38	163.334349342510710	Q20220830092903
38	37	163.334349342510710	Q20220830092903
38	39	163.334349342519910	Q20220830092903
39	38	163.334349342519910	Q20220830092903
39	40	163.334349342519910	Q20220830092903
40	39	163.334349342519910	Q20220830092903
40	41	163.334349342519910	Q20220830092903
41	40	163.334349342519910	Q20220830092903
41	42	163.334349342519910	Q20220830092903
42	41	163.334349342519910	Q20220830092903
42	43	163.334349342519910	Q20220830092903
43	42	163.334349342519910	Q20220830092903
43	44	163.334349342519910	Q20220830092903
44	43	163.334349342519910	Q20220830092903
44	45	163.334349342519910	Q20220830092903
45	44	163.334349342519910	Q20220830092903
45	46	163.334349342519910	Q20220830092903
46	45	163.334349342519910	Q20220830092903
46	47	163.334349342519910	Q20220830092903
47	46	163.334349342519910	Q20220830092903
47	48	286.636502234056480	Q20220830092903
48	47	286.636502234056480	Q20220830092903
48	49	163.334349342298370	Q20220830092903
49	48	163.334349342298370	Q20220830092903
49	50	163.334349342298370	Q20220830092903
50	49	163.334349342298370	Q20220830092903
50	51	163.334349342298370	Q20220830092903
51	50	163.334349342298370	Q20220830092903
51	52	163.334349342298370	Q20220830092903
52	51	163.334349342298370	Q20220830092903
52	53	163.334349342298370	Q20220830092903
53	52	163.334349342298370	Q20220830092903
53	54	163.334349342298370	Q20220830092903
54	53	163.334349342298370	Q20220830092903
54	55	163.334349342298370	Q20220830092903
55	54	163.334349342298370	Q20220830092903
55	56	163.334349342298370	Q20220830092903
56	55	163.334349342298370	Q20220830092903
56	57	163.334349342298370	Q20220830092903
57	56	163.334349342298370	Q20220830092903
57	58	163.334349342298370	Q20220830092903
58	57	163.334349342298370	Q20220830092903
58	59	163.334349342298370	Q20220830092903
59	58	163.334349342298370	Q20220830092903
59	60	163.334349342298370	Q20220830092903
60	59	163.334349342298370	Q20220830092903
60	61	163.334349342298370	Q20220830092903
61	60	163.334349342298370	Q20220830092903
61	62	163.334349342298370	Q20220830092903
62	61	163.334349342298370	Q20220830092903
62	63	163.334349342298370	Q20220830092903
63	62	163.334349342298370	Q20220830092903
63	64	163.334349342298370	Q20220830092903
64	63	163.334349342298370	Q20220830092903
64	65	163.334349342298370	Q20220830092903
65	64	163.334349342298370	Q20220830092903
65	66	163.334349342298370	Q20220830092903
66	65	163.334349342298370	Q20220830092903
66	67	163.334349342298370	Q20220830092903
67	66	163.334349342298370	Q20220830092903
67	68	163.334349342298370	Q20220830092903
68	67	163.334349342298370	Q20220830092903
68	69	163.334349342333720	Q20220830092903
69	68	163.334349342333720	Q20220830092903
69	70	163.334349342333720	Q20220830092903
70	69	163.334349342333720	Q20220830092903
70	71	163.334349342333720	Q20220830092903
71	70	163.334349342333720	Q20220830092903
71	72	163.334349342333720	Q20220830092903
72	71	163.334349342333720	Q20220830092903
72	73	163.334349342333720	Q20220830092903
73	72	163.334349342333720	Q20220830092903
73	74	163.334349342333720	Q20220830092903
74	73	163.334349342333720	Q20220830092903
74	75	307.789013850875510	Q20220830092903
75	74	307.789013850875510	Q20220830092903
75	76	163.334349342023100	Q20220830092903
76	75	163.334349342023100	Q20220830092903
76	77	163.334349342023100	Q20220830092903
77	76	163.334349342023100	Q20220830092903
77	78	163.334349342023100	Q20220830092903
78	77	163.334349342023100	Q20220830092903
78	79	163.334349342023100	Q20220830092903
79	78	163.334349342023100	Q20220830092903
79	80	163.334349341988940	Q20220830092903
80	79	163.334349341988940	Q20220830092903
80	81	163.334349341988940	Q20220830092903
81	80	163.334349341988940	Q20220830092903
81	82	163.334349341988940	Q20220830092903
82	81	163.334349341988940	Q20220830092903
82	83	163.334349341988940	Q20220830092903
83	82	163.334349341988940	Q20220830092903
83	84	163.334349341954780	Q20220830092903
84	83	163.334349341954780	Q20220830092903
84	85	163.334349341954780	Q20220830092903
85	84	163.334349341954780	Q20220830092903
85	86	163.334349341920640	Q20220830092903
86	85	163.334349341920640	Q20220830092903
86	87	163.334349341920640	Q20220830092903
87	86	163.334349341920640	Q20220830092903
87	88	163.334349341886480	Q20220830092903
88	87	163.334349341886480	Q20220830092903
88	89	163.334349342606520	Q20220830092903
89	88	163.334349342606520	Q20220830092903
89	90	312.936506935244440	Q20220830092903
90	89	312.936506935244440	Q20220830092903
90	91	163.334349342389830	Q20220830092903
91	90	163.334349342389830	Q20220830092903
91	92	163.334349342389830	Q20220830092903
92	91	163.334349342389830	Q20220830092903
92	93	163.334349342424640	Q20220830092903
93	92	163.334349342424640	Q20220830092903
93	94	163.334349342424640	Q20220830092903
94	93	163.334349342424640	Q20220830092903
94	95	163.334349342424640	Q20220830092903
95	94	163.334349342424640	Q20220830092903
95	96	163.334349342424640	Q20220830092903
96	95	163.334349342424640	Q20220830092903
96	97	163.334349342424640	Q20220830092903
97	96	163.334349342424640	Q20220830092903
97	98	163.334349342424640	Q20220830092903
98	97	163.334349342424640	Q20220830092903
98	99	163.334349342424640	Q20220830092903
99	98	163.334349342424640	Q20220830092903
99	100	163.334349342424640	Q20220830092903
100	99	163.334349342424640	Q20220830092903
100	101	163.334349342459460	Q20220830092903
101	100	163.334349342459460	Q20220830092903
101	102	163.334349342459460	Q20220830092903
102	101	163.334349342459460	Q20220830092903
102	103	163.334349342459460	Q20220830092903
103	102	163.334349342459460	Q20220830092903
103	104	163.334349342459460	Q20220830092903
104	103	163.334349342459460	Q20220830092903
104	105	163.334349342494280	Q20220830092903
105	104	163.334349342494280	Q20220830092903
105	106	163.334349342494280	Q20220830092903
106	105	163.334349342494280	Q20220830092903
106	107	163.334349342529090	Q20220830092903
107	106	163.334349342529090	Q20220830092903
107	108	163.334349342529090	Q20220830092903
108	107	163.334349342529090	Q20220830092903
108	109	163.334349342598730	Q20220830092903
109	108	163.334349342598730	Q20220830092903
109	110	196.564917797815610	Q20220830092903
110	109	196.564917797815610	Q20220830092903
110	111	163.334349342368990	Q20220830092903
111	110	163.334349342368990	Q20220830092903
111	112	163.334349342368990	Q20220830092903
112	111	163.334349342368990	Q20220830092903
112	113	163.334349342403670	Q20220830092903
113	112	163.334349342403670	Q20220830092903
113	114	163.334349342403670	Q20220830092903
114	113	163.334349342403670	Q20220830092903
114	115	163.334349342438320	Q20220830092903
115	114	163.334349342438320	Q20220830092903
115	116	188.590368455439370	Q20220830092903
116	115	188.590368455439370	Q20220830092903
116	117	163.334349342138070	Q20220830093020
116	969	163.334349342352000	Q20260516121621
117	116	163.334349342138070	Q20220830093020
117	118	163.334349342138070	Q20220830093020
118	117	163.334349342138070	Q20220830093020
118	119	163.334349342398100	Q20220830093020
119	118	163.334349342398100	Q20220830093020
119	120	163.334349342138070	Q20220830093020
120	119	163.334349342138070	Q20220830093020
120	121	163.334349342398100	Q20220830093020
121	120	163.334349342398100	Q20220830093020
121	122	163.334349342138070	Q20220830093020
122	121	163.334349342138070	Q20220830093020
122	123	163.334349342342220	Q20220830093020
123	122	163.334349342342220	Q20220830093020
123	124	163.334349342138070	Q20220830093020
124	123	163.334349342138070	Q20220830093020
124	125	290.486370224681080	Q20220830093020
125	124	290.486370224681080	Q20220830093020
125	126	163.334349342182780	Q20220830093020
126	125	163.334349342182780	Q20220830093020
126	127	163.334349342182780	Q20220830093020
127	126	163.334349342182780	Q20220830093020
127	128	163.334349342370130	Q20220830093020
128	127	163.334349342370130	Q20220830093020
128	129	163.334349342182780	Q20220830093020
129	128	163.334349342182780	Q20220830093020
129	130	163.334349342313120	Q20220830093020
130	129	163.334349342313120	Q20220830093020
130	131	228.372696834391010	Q20220830093020
131	130	228.372696834391010	Q20220830093020
131	132	163.334349342211880	Q20220830093020
131	934	193.470757899335550	Q20250816163920
132	131	163.334349342211880	Q20220830093020
132	133	163.334349342211880	Q20220830093020
133	132	163.334349342211880	Q20220830093020
133	134	163.334349342211880	Q20220830093020
134	133	163.334349342211880	Q20220830093020
134	135	163.334349342211880	Q20220830093020
135	134	163.334349342211880	Q20220830093020
135	136	163.334349342211880	Q20220830093020
136	135	163.334349342211880	Q20220830093020
136	137	163.334349342211880	Q20220830093020
137	136	163.334349342211880	Q20220830093020
137	138	163.334349342155410	Q20220830093020
138	137	163.334349342155410	Q20220830093020
138	139	163.334349342155410	Q20220830093020
139	138	163.334349342155410	Q20220830093020
139	140	163.334349342155410	Q20220830093020
140	139	163.334349342155410	Q20220830093020
140	141	163.334349342155410	Q20220830093020
141	140	163.334349342155410	Q20220830093020
141	142	163.334349342155410	Q20220830093020
142	141	163.334349342155410	Q20220830093020
142	143	163.334349342382380	Q20220830093020
143	142	163.334349342382380	Q20220830093020
143	144	163.334349342155410	Q20220830093020
144	143	163.334349342155410	Q20220830093020
144	145	163.334349342325940	Q20220830093020
145	144	163.334349342325940	Q20220830093020
145	146	163.334349342155410	Q20220830093020
146	145	163.334349342155410	Q20220830093020
146	147	163.334349342325940	Q20220830093020
147	146	163.334349342325940	Q20220830093020
147	148	317.464189746461160	Q20220830093020
148	147	317.464189746461160	Q20220830093020
148	149	163.334349342320020	Q20220830093020
148	959	163.334349342431240	Q20251016164540
149	148	163.334349342320020	Q20220830093020
149	150	163.334349342320020	Q20220830093020
150	149	163.334349342320020	Q20220830093020
150	151	163.334349342376560	Q20220830093020
151	150	163.334349342376560	Q20220830093020
151	152	163.334349342376560	Q20220830093020
152	151	163.334349342376560	Q20220830093020
152	153	163.334349342154470	Q20220830093020
153	152	163.334349342154470	Q20220830093020
153	154	163.334349342376560	Q20220830093020
154	153	163.334349342376560	Q20220830093020
154	155	163.334349342154470	Q20220830093020
155	154	163.334349342154470	Q20220830093020
155	156	163.334349342376560	Q20220830093020
156	155	163.334349342376560	Q20220830093020
156	157	163.334349342211000	Q20220830093020
157	156	163.334349342211000	Q20220830093020
157	158	170.323006024158590	Q20220830093020
158	157	170.323006024158590	Q20220830093020
158	159	163.334349342473470	Q20220830093028
159	158	163.334349342473470	Q20220830093028
159	160	163.334349342500930	Q20220830093028
160	159	163.334349342500930	Q20220830093028
160	161	163.334349342500930	Q20220830093028
161	160	163.334349342500930	Q20220830093028
161	162	163.334349342500930	Q20220830093028
162	161	163.334349342500930	Q20220830093028
162	163	163.334349342500930	Q20220830093028
163	162	163.334349342500930	Q20220830093028
163	164	163.334349342528360	Q20220830093028
164	163	163.334349342528360	Q20220830093028
164	165	163.334349342528360	Q20220830093028
165	164	163.334349342528360	Q20220830093028
165	166	163.334349342528360	Q20220830093028
166	165	163.334349342528360	Q20220830093028
166	167	163.334349342555810	Q20220830093028
167	166	163.334349342555810	Q20220830093028
167	168	163.334349342555810	Q20220830093028
168	167	163.334349342555810	Q20220830093028
168	169	163.334349342583240	Q20220830093028
169	168	163.334349342583240	Q20220830093028
169	170	261.765786220365840	Q20220830093028
170	169	261.765786220365840	Q20220830093028
170	171	163.334349342202070	Q20220830092916
171	170	163.334349342202070	Q20220830092916
171	172	163.334349342202070	Q20220830092916
172	171	163.334349342202070	Q20220830092916
172	173	163.334349342202070	Q20220830092916
173	172	163.334349342202070	Q20220830092916
173	174	163.334349342202070	Q20220830092916
174	173	163.334349342202070	Q20220830092916
174	175	163.334349342202070	Q20220830092916
175	174	163.334349342202070	Q20220830092916
175	176	163.334349342202070	Q20220830092916
176	175	163.334349342202070	Q20220830092916
176	177	163.334349342202070	Q20220830092916
177	176	163.334349342202070	Q20220830092916
177	178	163.334349342147020	Q20220830092916
178	177	163.334349342147020	Q20220830092916
178	179	163.334349342147020	Q20220830092916
179	178	163.334349342147020	Q20220830092916
179	180	163.334349342147020	Q20220830092916
180	179	163.334349342147020	Q20220830092916
180	181	163.334349342147020	Q20220830092916
181	180	163.334349342147020	Q20220830092916
181	182	163.334349342147020	Q20220830092916
182	181	163.334349342147020	Q20220830092916
182	183	163.334349342147020	Q20220830092916
183	182	163.334349342147020	Q20220830092916
183	184	163.334349342147020	Q20220830092916
184	183	163.334349342147020	Q20220830092916
184	185	163.334349342147020	Q20220830092916
185	184	163.334349342147020	Q20220830092916
185	186	163.334349342147020	Q20220830092916
186	185	163.334349342147020	Q20220830092916
186	187	163.334349342091940	Q20220830092916
187	186	163.334349342091940	Q20220830092916
187	188	163.334349342393840	Q20220830092916
188	187	163.334349342393840	Q20220830092916
188	189	163.334349342091940	Q20220830092916
189	188	163.334349342091940	Q20220830092916
189	190	163.334349342393840	Q20220830092916
190	189	163.334349342393840	Q20220830092916
190	191	163.334349342147020	Q20220830092916
191	190	163.334349342147020	Q20220830092916
191	192	163.334349342393840	Q20220830092916
192	191	163.334349342393840	Q20220830092916
192	193	163.334349342147020	Q20220830092916
193	192	163.334349342147020	Q20220830092916
193	194	163.334349342393840	Q20220830092916
194	193	163.334349342393840	Q20220830092916
194	195	163.334349342147020	Q20220830092916
195	194	163.334349342147020	Q20220830092916
195	196	163.334349342393840	Q20220830092916
196	195	163.334349342393840	Q20220830092916
196	197	206.595533129259740	Q20220830092916
197	196	206.595533129259740	Q20220830092916
197	198	163.334349342338360	Q20220830092916
198	197	163.334349342338360	Q20220830092916
198	199	163.334349342338360	Q20220830092916
199	198	163.334349342338360	Q20220830092916
199	200	163.334349342338360	Q20220830092916
200	199	163.334349342338360	Q20220830092916
200	201	163.334349342338360	Q20220830092916
201	200	163.334349342338360	Q20220830092916
201	202	163.334349342338360	Q20220830092916
202	201	163.334349342338360	Q20220830092916
202	203	163.334349342338360	Q20220830092916
203	202	163.334349342338360	Q20220830092916
203	204	163.334349342338360	Q20220830092916
204	203	163.334349342338360	Q20220830092916
204	205	163.334349342338360	Q20220830092916
205	204	163.334349342338360	Q20220830092916
205	206	163.334349342338360	Q20220830092916
206	205	163.334349342338360	Q20220830092916
206	207	163.334349342391450	Q20220830092916
207	206	163.334349342391450	Q20220830092916
207	208	163.334349342391450	Q20220830092916
208	207	163.334349342391450	Q20220830092916
208	209	163.334349342391450	Q20220830092916
209	208	163.334349342391450	Q20220830092916
209	210	163.334349342444540	Q20220830092916
210	209	163.334349342444540	Q20220830092916
210	211	163.334349342115500	Q20220830092916
211	210	163.334349342115500	Q20220830092916
211	212	163.334349342391450	Q20220830092916
212	211	163.334349342391450	Q20220830092916
212	213	217.585873421189400	Q20220830092916
213	212	217.585873421189400	Q20220830092916
213	214	163.334349342255790	Q20220830092916
213	937	163.334349342555920	Q20251016164614
214	213	163.334349342255790	Q20220830092916
214	215	163.334349342255790	Q20220830092916
215	214	163.334349342255790	Q20220830092916
215	216	163.334349342255790	Q20220830092916
216	215	163.334349342255790	Q20220830092916
216	217	163.334349342255790	Q20220830092916
217	216	163.334349342255790	Q20220830092916
217	218	163.334349342255790	Q20220830092916
218	217	163.334349342255790	Q20220830092916
218	219	163.334349342255790	Q20220830092916
219	218	163.334349342255790	Q20220830092916
219	220	163.334349342255790	Q20220830092916
220	219	163.334349342255790	Q20220830092916
220	221	163.334349342255790	Q20220830092916
221	220	163.334349342255790	Q20220830092916
221	222	163.334349342255790	Q20220830092916
222	221	163.334349342255790	Q20220830092916
222	223	163.334349342255790	Q20220830092916
223	222	163.334349342255790	Q20220830092916
223	224	163.334349342255790	Q20220830092916
224	223	163.334349342255790	Q20220830092916
224	225	163.334349342255790	Q20220830092916
225	224	163.334349342255790	Q20220830092916
225	226	163.334349342255790	Q20220830092916
226	225	163.334349342255790	Q20220830092916
226	227	163.334349342255790	Q20220830092916
227	226	163.334349342255790	Q20220830092916
227	228	163.334349342255790	Q20220830092916
228	227	163.334349342255790	Q20220830092916
228	229	163.334349342255790	Q20220830092916
229	228	163.334349342255790	Q20220830092916
229	230	163.334349342255790	Q20220830092916
230	229	163.334349342255790	Q20220830092916
230	231	163.334349342255790	Q20220830092916
231	230	163.334349342255790	Q20220830092916
231	232	163.334349342255790	Q20220830092916
232	231	163.334349342255790	Q20220830092916
232	233	163.334349342255790	Q20220830092916
233	232	163.334349342255790	Q20220830092916
233	234	163.334349342255790	Q20220830092916
234	233	163.334349342255790	Q20220830092916
234	235	163.334349342255790	Q20220830092916
235	234	163.334349342255790	Q20220830092916
235	236	163.334349342255790	Q20220830092916
236	235	163.334349342255790	Q20220830092916
236	237	163.334349342255790	Q20220830092916
237	236	163.334349342255790	Q20220830092916
237	238	163.334349342255790	Q20220830092916
238	237	163.334349342255790	Q20220830092916
238	239	163.334349342255790	Q20220830092916
239	238	163.334349342255790	Q20220830092916
239	240	163.334349342255790	Q20220830092916
240	239	163.334349342255790	Q20220830092916
240	241	163.334349342255790	Q20220830092916
241	240	163.334349342255790	Q20220830092916
241	242	163.334349342255790	Q20220830092916
242	241	163.334349342255790	Q20220830092916
242	243	163.334349342255790	Q20220830092916
243	242	163.334349342255790	Q20220830092916
243	244	163.334349342255790	Q20220830092916
244	243	163.334349342255790	Q20220830092916
244	245	163.334349342255790	Q20220830092916
245	244	163.334349342255790	Q20220830092916
245	246	163.334349342255790	Q20220830092916
246	245	163.334349342255790	Q20220830092916
246	247	163.334349342255790	Q20220830092916
247	246	163.334349342255790	Q20220830092916
247	248	163.334349342255790	Q20220830092916
248	247	163.334349342255790	Q20220830092916
248	249	163.334349342255790	Q20220830092916
249	248	163.334349342255790	Q20220830092916
249	250	163.334349342255790	Q20220830092916
250	249	163.334349342255790	Q20220830092916
250	251	163.334349342255790	Q20220830092916
251	250	163.334349342255790	Q20220830092916
251	252	163.334349342255790	Q20220830092916
252	251	163.334349342255790	Q20220830092916
252	253	163.334349342255790	Q20220830092916
253	252	163.334349342255790	Q20220830092916
253	254	163.334349342255790	Q20220830092916
254	253	163.334349342255790	Q20220830092916
254	255	163.334349342255790	Q20220830092916
255	254	163.334349342255790	Q20220830092916
255	256	163.334349342255790	Q20220830092916
256	255	163.334349342255790	Q20220830092916
256	257	163.334349342255790	Q20220830092916
257	256	163.334349342255790	Q20220830092916
257	258	163.334349342255790	Q20220830092916
258	257	163.334349342255790	Q20220830092916
258	259	163.334349342255790	Q20220830092916
259	258	163.334349342255790	Q20220830092916
259	260	163.334349342255790	Q20220830092916
260	259	163.334349342255790	Q20220830092916
260	261	163.334349342255790	Q20220830092916
261	260	163.334349342255790	Q20220830092916
261	262	163.334349342255790	Q20220830092916
262	261	163.334349342255790	Q20220830092916
262	263	163.334349342255790	Q20220830092916
263	262	163.334349342255790	Q20220830092916
263	264	163.334349342255790	Q20220830092916
264	263	163.334349342255790	Q20220830092916
264	265	163.334349342255790	Q20220830092916
265	264	163.334349342255790	Q20220830092916
265	266	163.334349342255790	Q20220830092916
266	265	163.334349342255790	Q20220830092916
266	267	163.334349342255790	Q20220830092916
267	266	163.334349342255790	Q20220830092916
267	268	163.334349342255790	Q20220830092916
268	267	163.334349342255790	Q20220830092916
268	269	163.334349342255790	Q20220830092916
269	268	163.334349342255790	Q20220830092916
269	270	163.334349342255790	Q20220830092916
270	269	163.334349342255790	Q20220830092916
270	271	163.334349342255790	Q20220830092916
271	270	163.334349342255790	Q20220830092916
271	272	163.334349342255790	Q20220830092916
272	271	163.334349342255790	Q20220830092916
272	273	163.334349342255790	Q20220830092916
273	272	163.334349342255790	Q20220830092916
273	274	163.334349342255790	Q20220830092916
274	273	163.334349342255790	Q20220830092916
274	275	163.334349342255790	Q20220830092916
275	274	163.334349342255790	Q20220830092916
275	276	163.334349342255790	Q20220830092916
276	275	163.334349342255790	Q20220830092916
276	277	163.334349342255790	Q20220830092916
277	276	163.334349342255790	Q20220830092916
277	278	163.334349342255790	Q20220830092916
278	277	163.334349342255790	Q20220830092916
278	279	163.334349342255790	Q20220830092916
279	278	163.334349342255790	Q20220830092916
279	280	163.334349342255790	Q20220830092916
280	279	163.334349342255790	Q20220830092916
280	281	163.334349342255790	Q20220830092916
281	280	163.334349342255790	Q20220830092916
281	282	163.334349342255790	Q20220830092916
282	281	163.334349342255790	Q20220830092916
282	283	163.334349342255790	Q20220830092916
283	282	163.334349342255790	Q20220830092916
283	284	163.334349342255790	Q20220830092916
284	283	163.334349342255790	Q20220830092916
284	285	163.334349342255790	Q20220830092916
285	284	163.334349342255790	Q20220830092916
285	286	163.334349342255790	Q20220830092916
286	285	163.334349342255790	Q20220830092916
286	287	163.334349342255790	Q20220830092916
287	286	163.334349342255790	Q20220830092916
287	288	163.334349342312410	Q20220830092916
288	287	163.334349342312410	Q20220830092916
288	289	163.334349342312410	Q20220830092916
289	288	163.334349342312410	Q20220830092916
289	290	163.334349342312410	Q20220830092916
290	289	163.334349342312410	Q20220830092916
290	291	163.334349342312410	Q20220830092916
291	290	163.334349342312410	Q20220830092916
291	292	163.334349342312410	Q20220830092916
292	291	163.334349342312410	Q20220830092916
292	293	163.334349342312410	Q20220830092916
293	292	163.334349342312410	Q20220830092916
293	294	163.334349342312410	Q20220830092916
294	293	163.334349342312410	Q20220830092916
294	295	163.334349342312410	Q20220830092916
295	294	163.334349342312410	Q20220830092916
295	296	163.334349342312410	Q20220830092916
296	295	163.334349342312410	Q20220830092916
296	297	163.334349342312410	Q20220830092916
297	296	163.334349342312410	Q20220830092916
297	298	163.334349342312410	Q20220830092916
298	297	163.334349342312410	Q20220830092916
298	299	163.334349342369050	Q20220830092916
299	298	163.334349342369050	Q20220830092916
299	300	163.334349342152850	Q20220830092916
300	299	163.334349342152850	Q20220830092916
300	301	163.334349342312410	Q20220830092916
301	300	163.334349342312410	Q20220830092916
301	302	274.119351834817050	Q20220830092916
302	301	274.119351834817050	Q20220830092916
302	303	163.334349342255080	Q20220830092916
303	302	163.334349342255080	Q20220830092916
303	304	163.334349342255080	Q20220830092916
304	303	163.334349342255080	Q20220830092916
304	305	163.334349342255080	Q20220830092916
305	304	163.334349342255080	Q20220830092916
305	306	163.334349342255080	Q20220830092916
306	305	163.334349342255080	Q20220830092916
306	307	163.334349342255080	Q20220830092916
307	306	163.334349342255080	Q20220830092916
307	308	163.334349342255080	Q20220830092916
308	307	163.334349342255080	Q20220830092916
308	309	163.334349342255080	Q20220830092916
309	308	163.334349342255080	Q20220830092916
309	310	163.334349342255080	Q20220830092916
310	309	163.334349342255080	Q20220830092916
310	311	163.334349342255080	Q20220830092916
311	310	163.334349342255080	Q20220830092916
311	312	163.334349342255080	Q20220830092916
312	311	163.334349342255080	Q20220830092916
312	313	163.334349342255080	Q20220830092916
313	312	163.334349342255080	Q20220830092916
313	314	163.334349342255080	Q20220830092916
314	313	163.334349342255080	Q20220830092916
314	315	163.334349342255080	Q20220830092916
315	314	163.334349342255080	Q20220830092916
315	316	163.334349342255080	Q20220830092916
316	315	163.334349342255080	Q20220830092916
316	317	163.334349342255080	Q20220830092916
317	316	163.334349342255080	Q20220830092916
317	318	163.334349342255080	Q20220830092916
318	317	163.334349342255080	Q20220830092916
318	319	163.334349342255080	Q20220830092916
319	318	163.334349342255080	Q20220830092916
319	320	163.334349342255080	Q20220830092916
320	319	163.334349342255080	Q20220830092916
320	321	163.334349342255080	Q20220830092916
321	320	163.334349342255080	Q20220830092916
321	322	163.334349342259430	Q20220830092916
322	321	163.334349342259430	Q20220830092916
322	323	163.334349342255080	Q20220830092916
323	322	163.334349342255080	Q20220830092916
323	324	163.334349342259430	Q20220830092916
324	323	163.334349342259430	Q20220830092916
324	325	163.334349342255080	Q20220830092916
325	324	163.334349342255080	Q20220830092916
325	326	163.334349342259430	Q20220830092916
326	325	163.334349342259430	Q20220830092916
326	327	163.334349342255080	Q20220830092916
327	326	163.334349342255080	Q20220830092916
327	328	163.334349342259430	Q20220830092916
328	327	163.334349342259430	Q20220830092916
328	329	163.334349342255080	Q20220830092916
329	328	163.334349342255080	Q20220830092916
329	330	163.334349342259430	Q20220830092916
330	329	163.334349342259430	Q20220830092916
330	331	163.334349342255080	Q20220830092916
331	330	163.334349342255080	Q20220830092916
331	332	163.334349342259430	Q20220830092916
332	331	163.334349342259430	Q20220830092916
332	333	163.334349342255080	Q20220830092916
333	332	163.334349342255080	Q20220830092916
333	334	163.334349342259430	Q20220830092916
334	333	163.334349342259430	Q20220830092916
334	335	163.334349342255080	Q20220830092916
335	334	163.334349342255080	Q20220830092916
335	336	163.334349342259430	Q20220830092916
336	335	163.334349342259430	Q20220830092916
336	337	163.334349342255080	Q20220830092916
337	336	163.334349342255080	Q20220830092916
337	338	163.334349342259430	Q20220830092916
338	337	163.334349342259430	Q20220830092916
338	339	163.334349342255080	Q20220830092916
339	338	163.334349342255080	Q20220830092916
339	340	163.334349342259430	Q20220830092916
340	339	163.334349342259430	Q20220830092916
340	341	163.334349342255080	Q20220830092916
341	340	163.334349342255080	Q20220830092916
341	342	163.334349342259430	Q20220830092916
342	341	163.334349342259430	Q20220830092916
342	343	163.334349342255080	Q20220830092916
343	342	163.334349342255080	Q20220830092916
343	344	163.334349342259430	Q20220830092916
344	343	163.334349342259430	Q20220830092916
344	345	163.334349342255080	Q20220830092916
345	344	163.334349342255080	Q20220830092916
345	346	163.334349342259430	Q20220830092916
346	345	163.334349342259430	Q20220830092916
346	347	163.334349342255080	Q20220830092916
347	346	163.334349342255080	Q20220830092916
347	348	163.334349342259430	Q20220830092916
348	347	163.334349342259430	Q20220830092916
348	349	163.334349342255080	Q20220830092916
349	348	163.334349342255080	Q20220830092916
349	350	163.334349342259430	Q20220830092916
350	349	163.334349342259430	Q20220830092916
350	351	163.334349342255080	Q20220830092916
351	350	163.334349342255080	Q20220830092916
351	352	163.334349342259430	Q20220830092916
352	351	163.334349342259430	Q20220830092916
352	353	163.334349342255080	Q20220830092916
353	352	163.334349342255080	Q20220830092916
353	354	163.334349342259430	Q20220830092916
354	353	163.334349342259430	Q20220830092916
354	355	163.334349342255080	Q20220830092916
355	354	163.334349342255080	Q20220830092916
355	356	163.334349342259430	Q20220830092916
356	355	163.334349342259430	Q20220830092916
356	357	218.888413580335820	Q20220830092916
357	356	218.888413580335820	Q20220830092916
357	358	163.334349342239700	Q20220830092916
357	940	163.334349342375250	Q20251016164715
358	357	163.334349342239700	Q20220830092916
358	359	163.334349342239700	Q20220830092916
359	358	163.334349342239700	Q20220830092916
359	360	163.334349342239700	Q20220830092916
360	359	163.334349342239700	Q20220830092916
360	361	163.334349342239700	Q20220830092916
361	360	163.334349342239700	Q20220830092916
361	362	163.334349342239700	Q20220830092916
362	361	163.334349342239700	Q20220830092916
362	363	163.334349342239700	Q20220830092916
363	362	163.334349342239700	Q20220830092916
363	364	163.334349342239700	Q20220830092916
364	363	163.334349342239700	Q20220830092916
364	365	163.334349342239700	Q20220830092916
365	364	163.334349342239700	Q20220830092916
365	366	163.334349342239700	Q20220830092916
366	365	163.334349342239700	Q20220830092916
366	367	163.334349342239700	Q20220830092916
367	366	163.334349342239700	Q20220830092916
367	368	163.334349342239700	Q20220830092916
368	367	163.334349342239700	Q20220830092916
368	369	163.334349342239700	Q20220830092916
369	368	163.334349342239700	Q20220830092916
369	370	163.334349342239700	Q20220830092916
370	369	163.334349342239700	Q20220830092916
370	371	163.334349342239700	Q20220830092916
371	370	163.334349342239700	Q20220830092916
371	372	163.334349342239700	Q20220830092916
372	371	163.334349342239700	Q20220830092916
372	373	163.334349342297740	Q20220830092916
373	372	163.334349342297740	Q20220830092916
373	374	163.334349342297740	Q20220830092916
374	373	163.334349342297740	Q20220830092916
374	375	163.334349342297740	Q20220830092916
375	374	163.334349342297740	Q20220830092916
375	376	163.334349342297740	Q20220830092916
376	375	163.334349342297740	Q20220830092916
376	377	163.334349342297740	Q20220830092916
377	376	163.334349342297740	Q20220830092916
377	378	163.334349342297740	Q20220830092916
378	377	163.334349342297740	Q20220830092916
378	379	163.334349342297740	Q20220830092916
379	378	163.334349342297740	Q20220830092916
379	380	163.334349342297740	Q20220830092916
380	379	163.334349342297740	Q20220830092916
380	381	163.334349342297740	Q20220830092916
381	380	163.334349342297740	Q20220830092916
381	382	163.334349342297740	Q20220830092916
382	381	163.334349342297740	Q20220830092916
382	383	163.334349342297740	Q20220830092916
383	382	163.334349342297740	Q20220830092916
383	384	163.334349342297740	Q20220830092916
384	383	163.334349342297740	Q20220830092916
384	385	163.334349342297740	Q20220830092916
385	384	163.334349342297740	Q20220830092916
385	386	163.334349342297740	Q20220830092916
386	385	163.334349342297740	Q20220830092916
386	387	163.334349342297740	Q20220830092916
387	386	163.334349342297740	Q20220830092916
387	388	163.334349342297740	Q20220830092916
388	387	163.334349342297740	Q20220830092916
388	389	163.334349342297740	Q20220830092916
389	388	163.334349342297740	Q20220830092916
389	390	163.334349342297740	Q20220830092916
390	389	163.334349342297740	Q20220830092916
390	391	163.334349342297740	Q20220830092916
391	390	163.334349342297740	Q20220830092916
391	392	163.334349342297740	Q20220830092916
392	391	163.334349342297740	Q20220830092916
392	393	163.334349342223420	Q20220830092916
393	392	163.334349342223420	Q20220830092916
393	394	163.334349342297740	Q20220830092916
394	393	163.334349342297740	Q20220830092916
394	395	163.334349342223420	Q20220830092916
395	394	163.334349342223420	Q20220830092916
395	396	163.334349342297740	Q20220830092916
396	395	163.334349342297740	Q20220830092916
396	397	163.334349342223420	Q20220830092916
397	396	163.334349342223420	Q20220830092916
397	398	163.334349342297740	Q20220830092916
398	397	163.334349342297740	Q20220830092916
398	399	163.334349342223420	Q20220830092916
399	398	163.334349342223420	Q20220830092916
399	400	163.334349342297740	Q20220830092916
400	399	163.334349342297740	Q20220830092916
400	401	163.334349342223420	Q20220830092916
401	400	163.334349342223420	Q20220830092916
401	402	193.953564078048770	Q20220830092916
402	401	193.953564078048770	Q20220830092916
402	403	163.334349342269460	Q20220830092916
403	402	163.334349342269460	Q20220830092916
403	404	163.334349342269460	Q20220830092916
404	403	163.334349342269460	Q20220830092916
404	405	163.334349342269460	Q20220830092916
405	404	163.334349342269460	Q20220830092916
405	406	163.334349342269460	Q20220830092916
406	405	163.334349342269460	Q20220830092916
406	407	163.334349342269460	Q20220830092916
407	406	163.334349342269460	Q20220830092916
407	408	163.334349342269460	Q20220830092916
408	407	163.334349342269460	Q20220830092916
408	409	261.490070760595130	Q20220830092916
409	408	261.490070760595130	Q20220830092916
409	410	163.334349342242690	Q20220830092923
410	409	163.334349342242690	Q20220830092923
410	411	163.334349342242690	Q20220830092923
411	410	163.334349342242690	Q20220830092923
411	412	163.334349342242690	Q20220830092923
412	411	163.334349342242690	Q20220830092923
412	413	163.334349342242690	Q20220830092923
413	412	163.334349342242690	Q20220830092923
413	414	163.334349342242690	Q20220830092923
414	413	163.334349342242690	Q20220830092923
414	415	163.334349342242690	Q20220830092923
415	414	163.334349342242690	Q20220830092923
415	416	163.334349342242690	Q20220830092923
416	415	163.334349342242690	Q20220830092923
416	417	163.334349342242690	Q20220830092923
417	416	163.334349342242690	Q20220830092923
417	418	163.334349342242690	Q20220830092923
418	417	163.334349342242690	Q20220830092923
418	419	163.334349342242690	Q20220830092923
419	418	163.334349342242690	Q20220830092923
419	420	163.334349342300670	Q20220830092923
420	419	163.334349342300670	Q20220830092923
420	421	163.334349342300670	Q20220830092923
421	420	163.334349342300670	Q20220830092923
421	422	163.334349342300670	Q20220830092923
422	421	163.334349342300670	Q20220830092923
422	423	163.334349342300670	Q20220830092923
423	422	163.334349342300670	Q20220830092923
423	424	163.334349342300670	Q20220830092923
424	423	163.334349342300670	Q20220830092923
424	425	163.334349342300670	Q20220830092923
425	424	163.334349342300670	Q20220830092923
425	426	163.334349342300670	Q20220830092923
426	425	163.334349342300670	Q20220830092923
426	427	163.334349342300670	Q20220830092923
427	426	163.334349342300670	Q20220830092923
427	428	163.334349342300670	Q20220830092923
428	427	163.334349342300670	Q20220830092923
428	429	163.334349342300670	Q20220830092923
429	428	163.334349342300670	Q20220830092923
429	430	163.334349342300670	Q20220830092923
430	429	163.334349342300670	Q20220830092923
430	431	163.334349342300670	Q20220830092923
431	430	163.334349342300670	Q20220830092923
431	432	163.334349342222310	Q20220830092923
432	431	163.334349342222310	Q20220830092923
432	433	163.334349342300670	Q20220830092923
433	432	163.334349342300670	Q20220830092923
433	434	163.334349342222310	Q20220830092923
434	433	163.334349342222310	Q20220830092923
434	435	163.334349342300670	Q20220830092923
435	434	163.334349342300670	Q20220830092923
435	436	163.334349342222310	Q20220830092923
436	435	163.334349342222310	Q20220830092923
436	437	163.334349342300670	Q20220830092923
437	436	163.334349342300670	Q20220830092923
437	438	225.441717393953700	Q20220830092923
438	437	225.441717393953700	Q20220830092923
438	439	163.334349342234500	Q20220830092923
439	438	163.334349342234500	Q20220830092923
439	440	163.334349342234500	Q20220830092923
440	439	163.334349342234500	Q20220830092923
440	441	163.334349342234500	Q20220830092923
441	440	163.334349342234500	Q20220830092923
441	442	163.334349342234500	Q20220830092923
442	441	163.334349342234500	Q20220830092923
442	443	163.334349342234500	Q20220830092923
443	442	163.334349342234500	Q20220830092923
443	444	163.334349342234500	Q20220830092923
444	443	163.334349342234500	Q20220830092923
444	445	163.334349342234500	Q20220830092923
445	444	163.334349342234500	Q20220830092923
445	446	163.334349342234500	Q20220830092923
446	445	163.334349342234500	Q20220830092923
446	447	163.334349342234500	Q20220830092923
447	446	163.334349342234500	Q20220830092923
447	448	163.334349342234500	Q20220830092923
448	447	163.334349342234500	Q20220830092923
448	449	163.334349342234500	Q20220830092923
449	448	163.334349342234500	Q20220830092923
449	450	163.334349342234500	Q20220830092923
450	449	163.334349342234500	Q20220830092923
450	451	163.334349342234500	Q20220830092923
451	450	163.334349342234500	Q20220830092923
451	452	163.334349342234500	Q20220830092923
452	451	163.334349342234500	Q20220830092923
452	453	163.334349342234500	Q20220830092923
453	452	163.334349342234500	Q20220830092923
453	454	163.334349342234500	Q20220830092923
454	453	163.334349342234500	Q20220830092923
454	455	163.334349342234500	Q20220830092923
455	454	163.334349342234500	Q20220830092923
455	456	163.334349342234500	Q20220830092923
456	455	163.334349342234500	Q20220830092923
456	457	163.334349342234500	Q20220830092923
457	456	163.334349342234500	Q20220830092923
457	458	163.334349342234500	Q20220830092923
458	457	163.334349342234500	Q20220830092923
458	459	163.334349342234500	Q20220830092923
459	458	163.334349342234500	Q20220830092923
459	460	163.334349342234500	Q20220830092923
460	459	163.334349342234500	Q20220830092923
460	461	163.334349342234500	Q20220830092923
461	460	163.334349342234500	Q20220830092923
461	462	163.334349342234500	Q20220830092923
462	461	163.334349342234500	Q20220830092923
462	463	163.334349342234500	Q20220830092923
463	462	163.334349342234500	Q20220830092923
463	464	163.334349342234500	Q20220830092923
464	463	163.334349342234500	Q20220830092923
464	465	163.334349342234500	Q20220830092923
465	464	163.334349342234500	Q20220830092923
465	466	163.334349342234500	Q20220830092923
466	465	163.334349342234500	Q20220830092923
466	467	163.334349342234500	Q20220830092923
467	466	163.334349342234500	Q20220830092923
467	468	163.334349342234500	Q20220830092923
468	467	163.334349342234500	Q20220830092923
468	469	163.334349342234500	Q20220830092923
469	468	163.334349342234500	Q20220830092923
469	470	163.334349342234500	Q20220830092923
470	469	163.334349342234500	Q20220830092923
470	471	163.334349342178480	Q20220830092923
471	470	163.334349342178480	Q20220830092923
471	472	163.334349342178480	Q20220830092923
472	471	163.334349342178480	Q20220830092923
472	473	163.334349342178480	Q20220830092923
473	472	163.334349342178480	Q20220830092923
473	474	163.334349342178480	Q20220830092923
474	473	163.334349342178480	Q20220830092923
474	475	163.334349342178480	Q20220830092923
475	474	163.334349342178480	Q20220830092923
475	476	163.334349342178480	Q20220830092923
476	475	163.334349342178480	Q20220830092923
476	477	163.334349342178480	Q20220830092923
477	476	163.334349342178480	Q20220830092923
477	478	163.334349342178480	Q20220830092923
478	477	163.334349342178480	Q20220830092923
478	479	163.334349342122470	Q20220830092923
479	478	163.334349342122470	Q20220830092923
479	480	163.334349342374710	Q20220830092923
480	479	163.334349342374710	Q20220830092923
480	481	163.334349342122470	Q20220830092923
481	480	163.334349342122470	Q20220830092923
481	482	163.334349342374710	Q20220830092923
482	481	163.334349342374710	Q20220830092923
482	483	322.732515010553470	Q20220830092923
483	482	322.732515010553470	Q20220830092923
483	484	163.334349342376500	Q20220830092923
483	667	163.334349342408020	Q20220830094401
484	483	163.334349342376500	Q20220830092923
484	485	163.334349342376500	Q20220830092923
485	484	163.334349342376500	Q20220830092923
485	486	163.334349342113090	Q20220830092923
486	485	163.334349342113090	Q20220830092923
486	487	163.334349342376500	Q20220830092923
487	486	163.334349342376500	Q20220830092923
487	488	163.334349342113090	Q20220830092923
488	487	163.334349342113090	Q20220830092923
488	489	163.334349342376500	Q20220830092923
489	488	163.334349342376500	Q20220830092923
489	490	163.334349342113090	Q20220830092923
490	489	163.334349342113090	Q20220830092923
490	491	163.334349342376500	Q20220830092923
491	490	163.334349342376500	Q20220830092923
491	492	163.334349342113090	Q20220830092923
492	491	163.334349342113090	Q20220830092923
492	493	163.334349342376500	Q20220830092923
493	492	163.334349342376500	Q20220830092923
493	494	163.334349342113090	Q20220830092923
494	493	163.334349342113090	Q20220830092923
494	495	163.334349342376500	Q20220830092923
495	494	163.334349342376500	Q20220830092923
495	496	163.334349342113090	Q20220830092923
496	495	163.334349342113090	Q20220830092923
496	497	163.334349342376500	Q20220830092923
497	496	163.334349342376500	Q20220830092923
497	498	163.334349342113090	Q20220830092923
498	497	163.334349342113090	Q20220830092923
498	499	163.334349342376500	Q20220830092923
499	498	163.334349342376500	Q20220830092923
499	500	163.334349342113090	Q20220830092923
500	499	163.334349342113090	Q20220830092923
500	501	163.334349342376500	Q20220830092923
501	500	163.334349342376500	Q20220830092923
501	502	163.334349342113090	Q20220830092923
502	501	163.334349342113090	Q20220830092923
502	503	163.334349342376500	Q20220830092923
503	502	163.334349342376500	Q20220830092923
503	504	163.334349342113090	Q20220830092923
504	503	163.334349342113090	Q20220830092923
504	505	163.334349342376500	Q20220830092923
505	504	163.334349342376500	Q20220830092923
505	506	163.334349342113090	Q20220830092923
506	505	163.334349342113090	Q20220830092923
506	507	163.334349342376500	Q20220830092923
507	506	163.334349342376500	Q20220830092923
507	508	163.334349342113090	Q20220830092923
508	507	163.334349342113090	Q20220830092923
508	509	163.334349342376500	Q20220830092923
509	508	163.334349342376500	Q20220830092923
509	510	163.334349342113090	Q20220830092923
510	509	163.334349342113090	Q20220830092923
510	511	163.334349342113090	Q20220830092923
511	510	163.334349342113090	Q20220830092923
511	512	163.334349342376500	Q20220830092923
512	511	163.334349342376500	Q20220830092923
512	513	163.334349342113090	Q20220830092923
513	512	163.334349342113090	Q20220830092923
513	514	163.334349342376500	Q20220830092923
514	513	163.334349342376500	Q20220830092923
514	515	163.334349342113090	Q20220830092923
515	514	163.334349342113090	Q20220830092923
515	516	274.209166645025730	Q20220830092923
516	515	274.209166645025730	Q20220830092923
516	517	163.334349342379850	Q20220830092923
517	516	163.334349342379850	Q20220830092923
517	518	163.334349342379850	Q20220830092923
518	517	163.334349342379850	Q20220830092923
518	519	163.334349342379850	Q20220830092923
519	518	163.334349342379850	Q20220830092923
519	520	163.334349342379850	Q20220830092923
520	519	163.334349342379850	Q20220830092923
520	521	163.334349342118770	Q20220830092923
521	520	163.334349342118770	Q20220830092923
521	522	163.334349342379850	Q20220830092923
522	521	163.334349342379850	Q20220830092923
522	523	163.334349342118770	Q20220830092923
523	522	163.334349342118770	Q20220830092923
523	524	163.334349342379850	Q20220830092923
524	523	163.334349342379850	Q20220830092923
524	525	163.334349342118770	Q20220830092923
525	524	163.334349342118770	Q20220830092923
525	526	163.334349342118770	Q20220830092923
526	525	163.334349342118770	Q20220830092923
526	527	163.334349342379850	Q20220830092923
527	526	163.334349342379850	Q20220830092923
527	528	163.334349342118770	Q20220830092923
528	527	163.334349342118770	Q20220830092923
528	529	163.334349342379850	Q20220830092923
529	528	163.334349342379850	Q20220830092923
529	530	163.334349342118770	Q20220830092923
530	529	163.334349342118770	Q20220830092923
530	531	163.334349342379850	Q20220830092923
531	530	163.334349342379850	Q20220830092923
531	532	163.334349342118770	Q20220830092923
532	531	163.334349342118770	Q20220830092923
532	533	163.334349342379850	Q20220830092923
533	532	163.334349342379850	Q20220830092923
533	534	163.334349342118770	Q20220830092923
534	533	163.334349342118770	Q20220830092923
534	535	163.334349342379850	Q20220830092923
535	534	163.334349342379850	Q20220830092923
535	536	163.334349342118770	Q20220830092923
536	535	163.334349342118770	Q20220830092923
536	537	163.334349342379850	Q20220830092923
537	536	163.334349342379850	Q20220830092923
537	538	163.334349342118770	Q20220830092923
538	537	163.334349342118770	Q20220830092923
538	539	163.334349342379850	Q20220830092923
539	538	163.334349342379850	Q20220830092923
539	540	163.334349342118770	Q20220830092923
540	539	163.334349342118770	Q20220830092923
540	541	163.334349342379850	Q20220830092923
541	540	163.334349342379850	Q20220830092923
541	542	163.334349342118770	Q20220830092923
542	541	163.334349342118770	Q20220830092923
542	543	163.334349342379850	Q20220830092923
543	542	163.334349342379850	Q20220830092923
543	544	163.334349342118770	Q20220830092923
544	543	163.334349342118770	Q20220830092923
544	545	163.334349342379850	Q20220830092923
545	544	163.334349342379850	Q20220830092923
545	546	163.334349342118770	Q20220830092923
546	545	163.334349342118770	Q20220830092923
546	547	266.785707434115980	Q20220830092923
547	546	266.785707434115980	Q20220830092923
547	548	163.334349342226290	Q20220830092923
547	943	163.334349341902110	Q20251016164743
548	547	163.334349342226290	Q20220830092923
548	549	163.334349342226290	Q20220830092923
549	548	163.334349342226290	Q20220830092923
549	550	163.334349342226290	Q20220830092923
550	549	163.334349342226290	Q20220830092923
550	551	163.334349342226290	Q20220830092923
551	550	163.334349342226290	Q20220830092923
551	552	163.334349342226290	Q20220830092923
552	551	163.334349342226290	Q20220830092923
552	553	163.334349342226290	Q20220830092923
553	552	163.334349342226290	Q20220830092923
553	554	163.334349342226290	Q20220830092923
554	553	163.334349342226290	Q20220830092923
554	555	163.334349342226290	Q20220830092923
555	554	163.334349342226290	Q20220830092923
555	556	163.334349342226290	Q20220830092923
556	555	163.334349342226290	Q20220830092923
556	557	163.334349342226290	Q20220830092923
557	556	163.334349342226290	Q20220830092923
557	558	163.334349342226290	Q20220830092923
558	557	163.334349342226290	Q20220830092923
558	559	163.334349342226290	Q20220830092923
559	558	163.334349342226290	Q20220830092923
559	560	163.334349342226290	Q20220830092923
560	559	163.334349342226290	Q20220830092923
560	561	163.334349342226290	Q20220830092923
561	560	163.334349342226290	Q20220830092923
561	562	163.334349342226290	Q20220830092923
562	561	163.334349342226290	Q20220830092923
562	563	163.334349342226290	Q20220830092923
563	562	163.334349342226290	Q20220830092923
563	564	163.334349342226290	Q20220830092923
564	563	163.334349342226290	Q20220830092923
564	565	163.334349342226290	Q20220830092923
565	564	163.334349342226290	Q20220830092923
565	566	163.334349342226290	Q20220830092923
566	565	163.334349342226290	Q20220830092923
566	567	163.334349342226290	Q20220830092923
567	566	163.334349342226290	Q20220830092923
567	568	163.334349342226290	Q20220830092923
568	567	163.334349342226290	Q20220830092923
568	569	163.334349342226290	Q20220830092923
569	568	163.334349342226290	Q20220830092923
569	570	163.334349342226290	Q20220830092923
570	569	163.334349342226290	Q20220830092923
570	571	163.334349342226290	Q20220830092923
571	570	163.334349342226290	Q20220830092923
571	572	163.334349342226290	Q20220830092923
572	571	163.334349342226290	Q20220830092923
572	573	163.334349342226290	Q20220830092923
573	572	163.334349342226290	Q20220830092923
573	574	163.334349342226290	Q20220830092923
574	573	163.334349342226290	Q20220830092923
574	575	163.334349342226290	Q20220830092923
575	574	163.334349342226290	Q20220830092923
575	576	163.334349342226290	Q20220830092923
576	575	163.334349342226290	Q20220830092923
576	577	163.334349342226290	Q20220830092923
577	576	163.334349342226290	Q20220830092923
577	578	163.334349342226290	Q20220830092923
578	577	163.334349342226290	Q20220830092923
578	579	163.334349342318180	Q20220830092923
579	578	163.334349342318180	Q20220830092923
579	580	163.334349342226290	Q20220830092923
580	579	163.334349342226290	Q20220830092923
580	581	163.334349342318180	Q20220830092923
581	580	163.334349342318180	Q20220830092923
581	582	163.334349342226290	Q20220830092923
582	581	163.334349342226290	Q20220830092923
582	583	163.334349342318180	Q20220830092923
583	582	163.334349342318180	Q20220830092923
583	584	163.334349342226290	Q20220830092923
584	583	163.334349342226290	Q20220830092923
584	585	163.334349342318180	Q20220830092923
585	584	163.334349342318180	Q20220830092923
585	586	163.334349342226290	Q20220830092923
586	585	163.334349342226290	Q20220830092923
586	587	163.334349342318180	Q20220830092923
587	586	163.334349342318180	Q20220830092923
587	588	163.334349342226290	Q20220830092923
588	587	163.334349342226290	Q20220830092923
588	589	163.334349342318180	Q20220830092923
589	588	163.334349342318180	Q20220830092923
589	590	163.334349342226290	Q20220830092923
590	589	163.334349342226290	Q20220830092923
590	591	163.334349342318180	Q20220830092923
591	590	163.334349342318180	Q20220830092923
591	592	163.334349342226290	Q20220830092923
592	591	163.334349342226290	Q20220830092923
592	593	163.334349342318180	Q20220830092923
593	592	163.334349342318180	Q20220830092923
593	594	163.334349342226290	Q20220830092923
594	593	163.334349342226290	Q20220830092923
594	595	163.334349342318180	Q20220830092923
595	594	163.334349342318180	Q20220830092923
595	596	163.334349342226290	Q20220830092923
596	595	163.334349342226290	Q20220830092923
596	597	163.334349342318180	Q20220830092923
597	596	163.334349342318180	Q20220830092923
597	598	163.334349342226290	Q20220830092923
598	597	163.334349342226290	Q20220830092923
598	599	163.334349342318180	Q20220830092923
599	598	163.334349342318180	Q20220830092923
599	600	163.334349342226290	Q20220830092923
600	599	163.334349342226290	Q20220830092923
600	601	163.334349342318180	Q20220830092923
601	600	163.334349342318180	Q20220830092923
601	602	163.334349342226290	Q20220830092923
602	601	163.334349342226290	Q20220830092923
602	603	163.334349342318180	Q20220830092923
603	602	163.334349342318180	Q20220830092923
603	604	163.334349342226290	Q20220830092923
604	603	163.334349342226290	Q20220830092923
604	605	163.334349342318180	Q20220830092923
605	604	163.334349342318180	Q20220830092923
605	606	163.334349342226290	Q20220830092923
606	605	163.334349342226290	Q20220830092923
606	607	163.334349342318180	Q20220830092923
607	606	163.334349342318180	Q20220830092923
607	608	163.334349342226290	Q20220830092923
608	607	163.334349342226290	Q20220830092923
608	609	163.334349342318180	Q20220830092923
609	608	163.334349342318180	Q20220830092923
609	610	163.334349342226290	Q20220830092923
610	609	163.334349342226290	Q20220830092923
610	611	163.334349342318180	Q20220830092923
611	610	163.334349342318180	Q20220830092923
611	612	268.124868343609360	Q20220830092923
612	611	268.124868343609360	Q20220830092923
612	613	163.334349342243940	Q20220830092923
613	612	163.334349342243940	Q20220830092923
613	614	163.334349342243940	Q20220830092923
614	613	163.334349342243940	Q20220830092923
614	615	163.334349342243940	Q20220830092923
615	614	163.334349342243940	Q20220830092923
615	616	163.334349342243940	Q20220830092923
616	615	163.334349342243940	Q20220830092923
616	617	163.334349342243940	Q20220830092923
617	616	163.334349342243940	Q20220830092923
617	618	163.334349342243940	Q20220830092923
618	617	163.334349342243940	Q20220830092923
618	619	163.334349342243940	Q20220830092923
619	618	163.334349342243940	Q20220830092923
619	620	163.334349342243940	Q20220830092923
620	619	163.334349342243940	Q20220830092923
620	621	163.334349342243940	Q20220830092923
621	620	163.334349342243940	Q20220830092923
621	622	163.334349342243940	Q20220830092923
622	621	163.334349342243940	Q20220830092923
622	623	163.334349342243940	Q20220830092923
623	622	163.334349342243940	Q20220830092923
623	624	163.334349342243940	Q20220830092923
624	623	163.334349342243940	Q20220830092923
624	625	163.334349342243940	Q20220830092923
625	624	163.334349342243940	Q20220830092923
625	626	163.334349342243940	Q20220830092923
626	625	163.334349342243940	Q20220830092923
626	627	163.334349342243940	Q20220830092923
627	626	163.334349342243940	Q20220830092923
627	628	163.334349342243940	Q20220830092923
628	627	163.334349342243940	Q20220830092923
628	629	163.334349342243940	Q20220830092923
629	628	163.334349342243940	Q20220830092923
629	630	163.334349342243940	Q20220830092923
630	629	163.334349342243940	Q20220830092923
630	631	163.334349342243940	Q20220830092923
631	630	163.334349342243940	Q20220830092923
631	632	163.334349342243940	Q20220830092923
632	631	163.334349342243940	Q20220830092923
632	633	163.334349342243940	Q20220830092923
633	632	163.334349342243940	Q20220830092923
633	634	196.501919971183780	Q20220830092923
634	633	196.501919971183780	Q20220830092923
634	635	163.334349342169110	Q20220830092923
635	634	163.334349342169110	Q20220830092923
635	636	163.334349342169110	Q20220830092923
636	635	163.334349342169110	Q20220830092923
636	637	163.334349342326360	Q20220830092923
637	636	163.334349342326360	Q20220830092923
637	638	236.513791911848130	Q20220830092923
638	637	236.513791911848130	Q20220830092923
638	639	163.334349342273300	Q20220830092923
638	950	163.334349341935280	Q20251016164817
639	638	163.334349342273300	Q20220830092923
639	640	163.334349342273300	Q20220830092923
640	639	163.334349342273300	Q20220830092923
640	641	163.334349342273300	Q20220830092923
641	640	163.334349342273300	Q20220830092923
641	642	163.334349342273300	Q20220830092923
642	641	163.334349342273300	Q20220830092923
642	643	163.334349342273300	Q20220830092923
643	642	163.334349342273300	Q20220830092923
643	644	163.334349342273300	Q20220830092923
644	643	163.334349342273300	Q20220830092923
644	645	163.334349342273300	Q20220830092923
645	644	163.334349342273300	Q20220830092923
645	646	163.334349342273300	Q20220830092923
646	645	163.334349342273300	Q20220830092923
646	647	163.334349342273300	Q20220830092923
647	646	163.334349342273300	Q20220830092923
647	648	163.334349342331020	Q20220830092923
648	647	163.334349342331020	Q20220830092923
648	649	163.334349342331020	Q20220830092923
649	648	163.334349342331020	Q20220830092923
649	650	163.334349342331020	Q20220830092923
650	649	163.334349342331020	Q20220830092923
650	651	163.334349342331020	Q20220830092923
651	650	163.334349342331020	Q20220830092923
651	652	163.334349342331020	Q20220830092923
652	651	163.334349342331020	Q20220830092923
652	653	163.334349342211990	Q20220830092923
653	652	163.334349342211990	Q20220830092923
653	654	163.334349342331020	Q20220830092923
654	653	163.334349342331020	Q20220830092923
654	655	163.334349342211990	Q20220830092923
655	654	163.334349342211990	Q20220830092923
655	656	163.334349342331020	Q20220830092923
656	655	163.334349342331020	Q20220830092923
656	657	163.334349342211990	Q20220830092923
657	656	163.334349342211990	Q20220830092923
657	658	163.334349342331020	Q20220830092923
658	657	163.334349342331020	Q20220830092923
658	659	163.334349342211990	Q20220830092923
659	658	163.334349342211990	Q20220830092923
659	660	163.334349342331020	Q20220830092923
660	659	163.334349342331020	Q20220830092923
660	661	163.334349342211990	Q20220830092923
661	660	163.334349342211990	Q20220830092923
661	662	163.334349342331020	Q20220830092923
662	661	163.334349342331020	Q20220830092923
662	663	163.334349342211990	Q20220830092923
663	662	163.334349342211990	Q20220830092923
663	664	163.334349342331020	Q20220830092923
664	663	163.334349342331020	Q20220830092923
664	665	163.334349342211990	Q20220830092923
665	664	163.334349342211990	Q20220830092923
665	666	247.560609066298950	Q20220830092923
666	665	247.560609066298950	Q20220830092923
666	683	163.334349342251070	Q20220830094318
667	483	163.334349342408020	Q20220830094401
667	668	163.334349342408020	Q20220830094401
668	667	163.334349342408020	Q20220830094401
668	669	163.334349342408020	Q20220830094401
669	668	163.334349342408020	Q20220830094401
669	670	163.334349342408020	Q20220830094401
670	669	163.334349342408020	Q20220830094401
670	671	163.334349342408020	Q20220830094401
671	670	163.334349342408020	Q20220830094401
671	672	163.334349342408020	Q20220830094401
672	671	163.334349342408020	Q20220830094401
672	673	163.334349342408020	Q20220830094401
673	672	163.334349342408020	Q20220830094401
673	674	163.334349342408020	Q20220830094401
674	673	163.334349342408020	Q20220830094401
674	675	163.334349342408020	Q20220830094401
675	674	163.334349342408020	Q20220830094401
675	676	163.334349342408020	Q20220830094401
676	675	163.334349342408020	Q20220830094401
676	677	163.334349342408020	Q20220830094401
677	676	163.334349342408020	Q20220830094401
677	678	163.334349342408020	Q20220830094401
678	677	163.334349342408020	Q20220830094401
678	679	163.334349342406820	Q20220830094401
679	678	163.334349342406820	Q20220830094401
679	680	163.334349342408020	Q20220830094401
680	679	163.334349342408020	Q20220830094401
680	681	163.334349342408020	Q20220830094401
681	680	163.334349342408020	Q20220830094401
681	682	298.147654613710640	Q20220830094401
682	681	298.147654613710640	Q20220830094401
683	666	163.334349342251070	Q20220830094318
683	684	163.334349342251070	Q20220830094318
684	683	163.334349342251070	Q20220830094318
684	685	163.334349342251070	Q20220830094318
685	684	163.334349342251070	Q20220830094318
685	686	163.334349342251070	Q20220830094318
686	685	163.334349342251070	Q20220830094318
686	687	163.334349342251070	Q20220830094318
687	686	163.334349342251070	Q20220830094318
687	688	245.259469267949100	Q20220830094318
688	687	245.259469267949100	Q20220830094318
688	689	163.334349342305760	Q20220830094318
689	688	163.334349342305760	Q20220830094318
689	690	163.334349342305760	Q20220830094318
690	689	163.334349342305760	Q20220830094318
690	691	163.334349342305760	Q20220830094318
691	690	163.334349342305760	Q20220830094318
691	692	163.334349342305760	Q20220830094318
692	691	163.334349342305760	Q20220830094318
692	693	163.334349342305760	Q20220830094318
693	692	163.334349342305760	Q20220830094318
693	694	163.334349342305760	Q20220830094318
694	693	163.334349342305760	Q20220830094318
694	695	163.334349342305760	Q20220830094318
695	694	163.334349342305760	Q20220830094318
695	696	163.334349342305760	Q20220830094318
696	695	163.334349342305760	Q20220830094318
696	697	163.334349342305760	Q20220830094318
697	696	163.334349342305760	Q20220830094318
697	698	163.334349342305760	Q20220830094318
698	697	163.334349342305760	Q20220830094318
698	699	163.334349342305760	Q20220830094318
699	698	163.334349342305760	Q20220830094318
699	700	163.334349342305760	Q20220830094318
700	699	163.334349342305760	Q20220830094318
700	701	163.334349342305760	Q20220830094318
701	700	163.334349342305760	Q20220830094318
701	702	163.334349342305760	Q20220830094318
702	701	163.334349342305760	Q20220830094318
702	703	163.334349342305760	Q20220830094318
703	702	163.334349342305760	Q20220830094318
703	704	163.334349342305760	Q20220830094318
704	703	163.334349342305760	Q20220830094318
704	705	163.334349342305760	Q20220830094318
705	704	163.334349342305760	Q20220830094318
705	706	163.334349342305760	Q20220830094318
706	705	163.334349342305760	Q20220830094318
706	707	163.334349342211030	Q20220830094318
707	706	163.334349342211030	Q20220830094318
707	708	163.334349342305760	Q20220830094318
708	707	163.334349342305760	Q20220830094318
708	709	163.334349342211030	Q20220830094318
709	708	163.334349342211030	Q20220830094318
709	710	163.334349342305760	Q20220830094318
710	709	163.334349342305760	Q20220830094318
710	711	163.334349342211030	Q20220830094318
711	710	163.334349342211030	Q20220830094318
711	712	163.334349342305760	Q20220830094318
712	711	163.334349342305760	Q20220830094318
712	713	163.334349342211030	Q20220830094318
713	712	163.334349342211030	Q20220830094318
713	714	163.334349342305760	Q20220830094318
714	713	163.334349342305760	Q20220830094318
714	715	163.334349342211030	Q20220830094318
715	714	163.334349342211030	Q20220830094318
715	716	163.334349342305760	Q20220830094318
716	715	163.334349342305760	Q20220830094318
716	717	163.334349342211030	Q20220830094318
717	716	163.334349342211030	Q20220830094318
717	718	163.334349342305760	Q20220830094318
718	717	163.334349342305760	Q20220830094318
718	719	163.334349342211030	Q20220830094318
719	718	163.334349342211030	Q20220830094318
719	720	163.334349342305760	Q20220830094318
720	719	163.334349342305760	Q20220830094318
720	721	163.334349342211030	Q20220830094318
721	720	163.334349342211030	Q20220830094318
721	722	163.334349342305760	Q20220830094318
722	721	163.334349342305760	Q20220830094318
722	723	163.334349342211030	Q20220830094318
723	722	163.334349342211030	Q20220830094318
723	724	163.334349342305760	Q20220830094318
724	723	163.334349342305760	Q20220830094318
724	725	163.334349342211030	Q20220830094318
725	724	163.334349342211030	Q20220830094318
725	726	163.334349342305760	Q20220830094318
726	725	163.334349342305760	Q20220830094318
726	727	163.334349342211030	Q20220830094318
727	726	163.334349342211030	Q20220830094318
727	728	163.334349342305760	Q20220830094318
728	727	163.334349342305760	Q20220830094318
728	729	163.334349342211030	Q20220830094318
729	728	163.334349342211030	Q20220830094318
729	730	163.334349342305760	Q20220830094318
730	729	163.334349342305760	Q20220830094318
730	731	163.334349342211030	Q20220830094318
731	730	163.334349342211030	Q20220830094318
731	732	163.334349342305760	Q20220830094318
732	731	163.334349342305760	Q20220830094318
732	733	163.334349342211030	Q20220830094318
733	732	163.334349342211030	Q20220830094318
733	734	163.334349342305760	Q20220830094318
734	733	163.334349342305760	Q20220830094318
734	735	163.334349342211030	Q20220830094318
735	734	163.334349342211030	Q20220830094318
735	736	163.334349342305760	Q20220830094318
736	735	163.334349342305760	Q20220830094318
736	737	163.334349342211030	Q20220830094318
737	736	163.334349342211030	Q20220830094318
737	738	302.072822647214990	Q20220830094318
738	737	302.072822647214990	Q20220830094318
738	739	163.334349342254200	Q20220830094318
738	953	163.334349341866100	Q20251016164846
739	738	163.334349342254200	Q20220830094318
739	740	163.334349342254200	Q20220830094318
740	739	163.334349342254200	Q20220830094318
740	741	163.334349342254200	Q20220830094318
741	740	163.334349342254200	Q20220830094318
741	742	163.334349342254200	Q20220830094318
742	741	163.334349342254200	Q20220830094318
742	743	163.334349342254200	Q20220830094318
743	742	163.334349342254200	Q20220830094318
743	744	163.334349342254200	Q20220830094318
744	743	163.334349342254200	Q20220830094318
744	745	163.334349342254200	Q20220830094318
745	744	163.334349342254200	Q20220830094318
745	746	163.334349342254200	Q20220830094318
746	745	163.334349342254200	Q20220830094318
746	747	163.334349342254200	Q20220830094318
747	746	163.334349342254200	Q20220830094318
747	748	163.334349342254200	Q20220830094318
748	747	163.334349342254200	Q20220830094318
748	749	163.334349342254200	Q20220830094318
749	748	163.334349342254200	Q20220830094318
749	750	163.334349342254200	Q20220830094318
750	749	163.334349342254200	Q20220830094318
750	751	163.334349342254200	Q20220830094318
751	750	163.334349342254200	Q20220830094318
751	752	163.334349342254200	Q20220830094318
752	751	163.334349342254200	Q20220830094318
752	753	163.334349342254200	Q20220830094318
753	752	163.334349342254200	Q20220830094318
753	754	163.334349342254200	Q20220830094318
754	753	163.334349342254200	Q20220830094318
754	755	163.334349342254200	Q20220830094318
755	754	163.334349342254200	Q20220830094318
755	756	163.334349342254200	Q20220830094318
756	755	163.334349342254200	Q20220830094318
756	757	163.334349342254200	Q20220830094318
757	756	163.334349342254200	Q20220830094318
757	758	163.334349342254200	Q20220830094318
758	757	163.334349342254200	Q20220830094318
758	759	163.334349342254200	Q20220830094318
759	758	163.334349342254200	Q20220830094318
759	760	163.334349342254200	Q20220830094318
760	759	163.334349342254200	Q20220830094318
760	761	163.334349342254200	Q20220830094318
761	760	163.334349342254200	Q20220830094318
761	762	163.334349342254200	Q20220830094318
762	761	163.334349342254200	Q20220830094318
762	763	163.334349342254200	Q20220830094318
763	762	163.334349342254200	Q20220830094318
763	764	163.334349342254200	Q20220830094318
764	763	163.334349342254200	Q20220830094318
764	765	163.334349342254200	Q20220830094318
765	764	163.334349342254200	Q20220830094318
765	766	163.334349342254200	Q20220830094318
766	765	163.334349342254200	Q20220830094318
766	767	163.334349342254200	Q20220830094318
767	766	163.334349342254200	Q20220830094318
767	768	163.334349342254200	Q20220830094318
768	767	163.334349342254200	Q20220830094318
768	769	163.334349342254200	Q20220830094318
769	768	163.334349342254200	Q20220830094318
769	770	163.334349342254200	Q20220830094318
770	769	163.334349342254200	Q20220830094318
770	771	163.334349342254200	Q20220830094318
771	770	163.334349342254200	Q20220830094318
771	772	163.334349342254200	Q20220830094318
772	771	163.334349342254200	Q20220830094318
772	773	163.334349342254200	Q20220830094318
773	772	163.334349342254200	Q20220830094318
773	774	163.334349342254200	Q20220830094318
774	773	163.334349342254200	Q20220830094318
774	775	163.334349342254200	Q20220830094318
775	774	163.334349342254200	Q20220830094318
775	776	163.334349342254200	Q20220830094318
776	775	163.334349342254200	Q20220830094318
776	777	163.334349342254200	Q20220830094318
777	776	163.334349342254200	Q20220830094318
777	778	163.334349342254200	Q20220830094318
778	777	163.334349342254200	Q20220830094318
778	779	163.334349342254200	Q20220830094318
779	778	163.334349342254200	Q20220830094318
779	780	163.334349342254200	Q20220830094318
780	779	163.334349342254200	Q20220830094318
780	781	163.334349342254200	Q20220830094318
781	780	163.334349342254200	Q20220830094318
781	782	163.334349342254200	Q20220830094318
782	781	163.334349342254200	Q20220830094318
782	783	163.334349342254200	Q20220830094318
783	782	163.334349342254200	Q20220830094318
783	784	163.334349342254200	Q20220830094318
784	783	163.334349342254200	Q20220830094318
784	785	163.334349342254200	Q20220830094318
785	784	163.334349342254200	Q20220830094318
785	786	163.334349342254200	Q20220830094318
786	785	163.334349342254200	Q20220830094318
786	787	163.334349342254200	Q20220830094318
787	786	163.334349342254200	Q20220830094318
787	788	163.334349342254200	Q20220830094318
788	787	163.334349342254200	Q20220830094318
788	789	163.334349342312240	Q20220830094318
789	788	163.334349342312240	Q20220830094318
789	790	285.758256483738190	Q20220830094318
790	789	285.758256483738190	Q20220830094318
790	791	163.334349342263120	Q20220830094318
790	956	163.334349342641960	Q20251016164908
791	790	163.334349342263120	Q20220830094318
791	792	163.334349342263120	Q20220830094318
792	791	163.334349342263120	Q20220830094318
792	793	163.334349342263120	Q20220830094318
793	792	163.334349342263120	Q20220830094318
793	794	163.334349342263120	Q20220830094318
794	793	163.334349342263120	Q20220830094318
794	795	163.334349342263120	Q20220830094318
795	794	163.334349342263120	Q20220830094318
795	796	163.334349342263120	Q20220830094318
796	795	163.334349342263120	Q20220830094318
796	797	163.334349342263120	Q20220830094318
797	796	163.334349342263120	Q20220830094318
797	798	163.334349342263120	Q20220830094318
798	797	163.334349342263120	Q20220830094318
798	799	163.334349342263120	Q20220830094318
799	798	163.334349342263120	Q20220830094318
799	800	163.334349342263120	Q20220830094318
800	799	163.334349342263120	Q20220830094318
800	801	163.334349342263120	Q20220830094318
801	800	163.334349342263120	Q20220830094318
801	802	163.334349342263120	Q20220830094318
802	801	163.334349342263120	Q20220830094318
802	803	163.334349342263120	Q20220830094318
803	802	163.334349342263120	Q20220830094318
803	804	163.334349342263120	Q20220830094318
804	803	163.334349342263120	Q20220830094318
804	805	163.334349342263120	Q20220830094318
805	804	163.334349342263120	Q20220830094318
805	806	163.334349342263120	Q20220830094318
806	805	163.334349342263120	Q20220830094318
806	807	163.334349342263120	Q20220830094318
807	806	163.334349342263120	Q20220830094318
807	808	163.334349342263120	Q20220830094318
808	807	163.334349342263120	Q20220830094318
808	809	163.334349342263120	Q20220830094318
809	808	163.334349342263120	Q20220830094318
809	810	163.334349342263120	Q20220830094318
810	809	163.334349342263120	Q20220830094318
810	811	163.334349342263120	Q20220830094318
811	810	163.334349342263120	Q20220830094318
811	812	163.334349342263120	Q20220830094318
812	811	163.334349342263120	Q20220830094318
812	813	163.334349342263120	Q20220830094318
813	812	163.334349342263120	Q20220830094318
813	814	163.334349342263120	Q20220830094318
814	813	163.334349342263120	Q20220830094318
814	815	163.334349342205030	Q20220830094318
815	814	163.334349342205030	Q20220830094318
815	816	163.334349342205030	Q20220830094318
816	815	163.334349342205030	Q20220830094318
816	817	163.334349342257040	Q20220830094318
817	816	163.334349342257040	Q20220830094318
817	818	163.334349342205030	Q20220830094318
818	817	163.334349342205030	Q20220830094318
818	819	163.334349342257040	Q20220830094318
819	818	163.334349342257040	Q20220830094318
819	820	163.334349342205030	Q20220830094318
820	819	163.334349342205030	Q20220830094318
820	821	163.334349342257040	Q20220830094318
821	820	163.334349342257040	Q20220830094318
821	822	163.334349342205030	Q20220830094318
822	821	163.334349342205030	Q20220830094318
822	823	163.334349342257040	Q20220830094318
823	822	163.334349342257040	Q20220830094318
823	824	163.334349342263120	Q20220830094318
824	823	163.334349342263120	Q20220830094318
824	825	221.070098836937690	Q20220830094318
825	824	221.070098836937690	Q20220830094318
825	826	163.334349342268580	Q20220830094318
826	825	163.334349342268580	Q20220830094318
826	827	163.334349342268580	Q20220830094318
827	826	163.334349342268580	Q20220830094318
827	828	163.334349342268580	Q20220830094318
828	827	163.334349342268580	Q20220830094318
828	829	163.334349342268580	Q20220830094318
829	828	163.334349342268580	Q20220830094318
829	830	163.334349342268580	Q20220830094318
830	829	163.334349342268580	Q20220830094318
830	831	163.334349342268580	Q20220830094318
831	830	163.334349342268580	Q20220830094318
831	832	163.334349342268580	Q20220830094318
832	831	163.334349342268580	Q20220830094318
832	833	163.334349342268580	Q20220830094318
833	832	163.334349342268580	Q20220830094318
833	834	163.334349342268580	Q20220830094318
834	833	163.334349342268580	Q20220830094318
834	835	163.334349342268580	Q20220830094318
835	834	163.334349342268580	Q20220830094318
835	836	163.334349342268580	Q20220830094318
836	835	163.334349342268580	Q20220830094318
836	837	163.334349342268580	Q20220830094318
837	836	163.334349342268580	Q20220830094318
837	838	163.334349342268580	Q20220830094318
838	837	163.334349342268580	Q20220830094318
838	839	163.334349342268580	Q20220830094318
839	838	163.334349342268580	Q20220830094318
839	840	163.334349342268580	Q20220830094318
840	839	163.334349342268580	Q20220830094318
840	841	163.334349342268580	Q20220830094318
841	840	163.334349342268580	Q20220830094318
841	842	163.334349342268580	Q20220830094318
842	841	163.334349342268580	Q20220830094318
842	843	163.334349342268580	Q20220830094318
843	842	163.334349342268580	Q20220830094318
843	844	163.334349342268580	Q20220830094318
844	843	163.334349342268580	Q20220830094318
844	845	163.334349342268580	Q20220830094318
845	844	163.334349342268580	Q20220830094318
845	846	163.334349342268580	Q20220830094318
846	845	163.334349342268580	Q20220830094318
846	847	163.334349342268580	Q20220830094318
847	846	163.334349342268580	Q20220830094318
847	848	163.334349342268580	Q20220830094318
848	847	163.334349342268580	Q20220830094318
848	849	163.334349342268580	Q20220830094318
849	848	163.334349342268580	Q20220830094318
849	850	163.334349342268580	Q20220830094318
850	849	163.334349342268580	Q20220830094318
850	851	163.334349342268580	Q20220830094318
851	850	163.334349342268580	Q20220830094318
851	852	163.334349342268580	Q20220830094318
852	851	163.334349342268580	Q20220830094318
852	853	163.334349342210540	Q20220830094318
853	852	163.334349342210540	Q20220830094318
853	854	163.334349342210540	Q20220830094318
854	853	163.334349342210540	Q20220830094318
854	855	163.334349342210540	Q20220830094318
855	854	163.334349342210540	Q20220830094318
855	856	163.334349342210540	Q20220830094318
856	855	163.334349342210540	Q20220830094318
856	857	163.334349342210540	Q20220830094318
857	856	163.334349342210540	Q20220830094318
857	858	163.334349342210540	Q20220830094318
858	857	163.334349342210540	Q20220830094318
858	859	163.334349342279550	Q20220830094318
859	858	163.334349342279550	Q20220830094318
859	860	163.334349342210540	Q20220830094318
860	859	163.334349342210540	Q20220830094318
860	861	163.334349342279550	Q20220830094318
861	860	163.334349342279550	Q20220830094318
861	862	163.334349342210540	Q20220830094318
862	861	163.334349342210540	Q20220830094318
862	863	199.559676308776860	Q20220830094318
863	862	199.559676308776860	Q20220830094318
863	864	163.334349342279950	Q20220830094318
864	863	163.334349342279950	Q20220830094318
864	865	163.334349342279950	Q20220830094318
865	864	163.334349342279950	Q20220830094318
865	866	163.334349342279950	Q20220830094318
866	865	163.334349342279950	Q20220830094318
866	867	163.334349342279950	Q20220830094318
867	866	163.334349342279950	Q20220830094318
867	868	163.334349342279950	Q20220830094318
868	867	163.334349342279950	Q20220830094318
868	869	163.334349342279950	Q20220830094318
869	868	163.334349342279950	Q20220830094318
869	870	163.334349342279950	Q20220830094318
870	869	163.334349342279950	Q20220830094318
870	871	163.334349342279950	Q20220830094318
871	870	163.334349342279950	Q20220830094318
871	872	163.334349342279950	Q20220830094318
872	871	163.334349342279950	Q20220830094318
872	873	163.334349342279950	Q20220830094318
873	872	163.334349342279950	Q20220830094318
873	874	163.334349342279950	Q20220830094318
874	873	163.334349342279950	Q20220830094318
874	875	163.334349342279950	Q20220830094318
875	874	163.334349342279950	Q20220830094318
875	876	163.334349342279950	Q20220830094318
876	875	163.334349342279950	Q20220830094318
876	877	163.334349342279950	Q20220830094318
877	876	163.334349342279950	Q20220830094318
877	878	163.334349342279950	Q20220830094318
878	877	163.334349342279950	Q20220830094318
878	879	163.334349342279950	Q20220830094318
879	878	163.334349342279950	Q20220830094318
879	880	163.334349342279950	Q20220830094318
880	879	163.334349342279950	Q20220830094318
880	881	163.334349342279950	Q20220830094318
881	880	163.334349342279950	Q20220830094318
881	882	163.334349342279950	Q20220830094318
882	881	163.334349342279950	Q20220830094318
882	883	163.334349342279950	Q20220830094318
883	882	163.334349342279950	Q20220830094318
883	884	163.334349342337420	Q20220830094318
884	883	163.334349342337420	Q20220830094318
884	885	163.334349342337420	Q20220830094318
885	884	163.334349342337420	Q20220830094318
885	886	163.334349342337420	Q20220830094318
886	885	163.334349342337420	Q20220830094318
886	887	163.334349342337420	Q20220830094318
887	886	163.334349342337420	Q20220830094318
887	888	163.334349342190900	Q20220830094318
888	887	163.334349342190900	Q20220830094318
888	889	163.334349342337420	Q20220830094318
889	888	163.334349342337420	Q20220830094318
889	890	163.334349342190900	Q20220830094318
890	889	163.334349342190900	Q20220830094318
890	891	163.334349342337420	Q20220830094318
891	890	163.334349342337420	Q20220830094318
891	892	163.334349342190900	Q20220830094318
892	891	163.334349342190900	Q20220830094318
892	893	163.334349342337420	Q20220830094318
893	892	163.334349342337420	Q20220830094318
893	894	163.334349342190900	Q20220830094318
894	893	163.334349342190900	Q20220830094318
894	895	163.334349342337420	Q20220830094318
895	894	163.334349342337420	Q20220830094318
895	896	163.334349342190900	Q20220830094318
896	895	163.334349342190900	Q20220830094318
896	897	194.551378791737190	Q20220830094318
897	896	194.551378791737190	Q20220830094318
897	898	163.334349342453290	Q20220830094318
898	897	163.334349342453290	Q20220830094318
898	899	163.334349342453290	Q20220830094318
899	898	163.334349342453290	Q20220830094318
899	900	163.334349342453290	Q20220830094318
900	899	163.334349342453290	Q20220830094318
900	901	163.334349342453290	Q20220830094318
901	900	163.334349342453290	Q20220830094318
901	902	163.334349342453290	Q20220830094318
902	901	163.334349342453290	Q20220830094318
902	903	163.334349342487090	Q20220830094318
903	902	163.334349342487090	Q20220830094318
903	904	163.334349342487090	Q20220830094318
904	903	163.334349342487090	Q20220830094318
904	905	163.334349342487090	Q20220830094318
905	904	163.334349342487090	Q20220830094318
905	906	163.334349342487090	Q20220830094318
906	905	163.334349342487090	Q20220830094318
906	907	163.334349342520850	Q20220830094318
907	906	163.334349342520850	Q20220830094318
907	908	163.334349342520850	Q20220830094318
908	907	163.334349342520850	Q20220830094318
908	909	163.334349342554650	Q20220830094318
909	908	163.334349342554650	Q20220830094318
909	910	163.334349342588410	Q20220830094318
910	909	163.334349342588410	Q20220830094318
910	911	163.334349342622200	Q20220830094318
911	910	163.334349342622200	Q20220830094318
911	912	245.080254685434110	Q20220830094318
912	911	245.080254685434110	Q20220830094318
914	915	163.334349342229070	Q20250816163920
914	913	163.334349342229070	Q20250816163920
915	916	163.334349342229070	Q20250816163920
915	914	163.334349342229070	Q20250816163920
916	917	163.334349342173250	Q20250816163920
916	915	163.334349342229070	Q20250816163920
917	918	163.334349342173250	Q20250816163920
917	916	163.334349342173250	Q20250816163920
918	919	163.334349342173250	Q20250816163920
918	917	163.334349342173250	Q20250816163920
919	920	163.334349342173250	Q20250816163920
919	918	163.334349342173250	Q20250816163920
920	921	320.058394018596740	Q20250816163920
920	919	163.334349342173250	Q20250816163920
921	922	163.334349342285780	Q20250816163920
921	920	320.058394018596740	Q20250816163920
922	923	163.334349342285780	Q20250816163920
922	921	163.334349342285780	Q20250816163920
923	924	163.334349342195140	Q20250816163920
923	922	163.334349342285780	Q20250816163920
924	925	194.067407939444050	Q20250816163920
924	923	163.334349342195140	Q20250816163920
925	926	163.334349342204920	Q20250816163920
925	924	194.067407939444050	Q20250816163920
926	927	163.334349342148160	Q20250816163920
926	925	163.334349342204920	Q20250816163920
927	928	163.334349342355300	Q20250816163920
927	926	163.334349342148160	Q20250816163920
928	929	238.471238069974730	Q20250816163920
928	927	163.334349342355300	Q20250816163920
929	930	163.334349342266710	Q20250816163920
929	928	238.471238069974730	Q20250816163920
930	931	163.334349342266710	Q20250816163920
930	929	163.334349342266710	Q20250816163920
931	932	231.408797019504480	Q20250816163920
931	930	163.334349342266710	Q20250816163920
932	933	163.334349342218360	Q20250816163920
932	931	231.408797019504480	Q20250816163920
933	934	163.334349342161520	Q20250816163920
933	932	163.334349342218360	Q20250816163920
934	131	193.470757899335550	Q20250816163920
934	933	163.334349342161520	Q20250816163920
935	18	260.325714098795230	Q20251016164356
935	936	252.420214177433930	Q20251016164356
936	935	252.420214177433930	Q20251016164356
937	213	163.334349342555920	Q20251016164614
937	938	163.334349342610890	Q20251016164614
938	937	163.334349342610890	Q20251016164614
938	939	170.386396137339550	Q20251016164614
939	938	170.386396137339550	Q20251016164614
940	357	163.334349342375250	Q20251016164715
940	941	163.334349342375250	Q20251016164715
941	940	163.334349342375250	Q20251016164715
941	942	252.289201380159230	Q20251016164715
942	941	252.289201380159230	Q20251016164715
943	547	163.334349341902110	Q20251016164743
943	944	163.334349341902110	Q20251016164743
944	943	163.334349341902110	Q20251016164743
944	945	297.981511990439290	Q20251016164743
945	944	297.981511990439290	Q20251016164743
945	946	163.334349341825770	Q20251016164743
946	945	163.334349341825770	Q20251016164743
946	947	163.334349341825770	Q20251016164743
947	946	163.334349341825770	Q20251016164743
947	948	163.334349341825770	Q20251016164743
948	947	163.334349341825770	Q20251016164743
948	949	192.787048633758360	Q20251016164743
949	948	192.787048633758360	Q20251016164743
950	638	163.334349341935280	Q20251016164817
950	951	163.334349341935280	Q20251016164817
951	950	163.334349341935280	Q20251016164817
951	952	261.484008306467960	Q20251016164817
952	951	261.484008306467960	Q20251016164817
953	738	163.334349341866100	Q20251016164846
953	954	163.334349341866100	Q20251016164846
954	953	163.334349341866100	Q20251016164846
954	955	189.723991193618530	Q20251016164846
955	954	189.723991193618530	Q20251016164846
956	790	163.334349342641960	Q20251016164908
956	957	163.334349342641960	Q20251016164908
957	956	163.334349342641960	Q20251016164908
957	958	200.232286973653600	Q20251016164908
958	957	200.232286973653600	Q20251016164908
959	148	163.334349342431240	Q20251016164540
959	960	163.334349342452670	Q20251016164540
960	959	163.334349342452670	Q20251016164540
960	961	181.915295087758380	Q20251016164540
961	960	181.915295087758380	Q20251016164540
962	963	163.334349342383010	Q20260516121841
963	962	163.334349342383010	Q20260516121841
963	964	163.334349342431920	Q20260516121841
964	963	163.334349342431920	Q20260516121841
964	965	225.817831469321110	Q20260516121841
965	964	225.817831469321110	Q20260516121841
965	966	163.334349342280890	Q20260516121841
966	965	163.334349342280890	Q20260516121841
966	967	163.334349342333610	Q20260516121841
967	966	163.334349342333610	Q20260516121841
967	968	208.883463570785490	Q20260516121841
968	967	208.883463570785490	Q20260516121841
969	116	163.334349342352000	Q20260516121621
969	970	302.434855839521160	Q20260516121621
970	969	302.434855839521160	Q20260516121621
970	971	163.334349342247750	Q20260516121621
971	970	163.334349342247750	Q20260516121621
971	972	163.334349342194170	Q20260516121621
972	971	163.334349342194170	Q20260516121621
972	973	249.370143292270370	Q20260516121621
973	972	249.370143292270370	Q20260516121621
